[[0, 10, 1, 9], [10, 2, 11, 1], [2, 12, 3, 11], [7, 16, 8, 17], [8, 0, 9, 17], [3, 12, 4, 13], [4, 14, 5, 13], [5, 14, 6, 15], [6, 16, 7, 15]]
[[13, 1, 14, 0], [3, 9, 4, 8], [7, 14, 8, 15], [15, 4, 16, 5], [5, 16, 6, 17], [6, 0, 7, 17], [12, 12, 13, 11], [1, 11, 2, 10], [2, 9, 3, 10]]
[[17, 7, 18, 6], [13, 3, 14, 2], [11, 1, 12, 0], [5, 17, 6, 16], [1, 13, 2, 12], [4, 15, 5, 16], [3, 15, 4, 14], [8, 19, 9, 20], [7, 19, 8, 18], [20, 9, 21, 10], [21, 11, 0, 10]]
[[0, 10, 1, 9], [12, 4, 13, 3], [8, 2, 9, 1], [6, 0, 7, 15], [2, 8, 3, 7], [11, 10, 12, 11], [4, 5, 5, 6], [14, 14, 15, 13]]
[[0, 12, 1, 11], [16, 5, 17, 6], [12, 0, 13, 19], [10, 2, 11, 1], [8, 15, 9, 16], [4, 10, 5, 9], [17, 18, 18, 19], [6, 13, 7, 14], [7, 15, 8, 14], [2, 3, 3, 4]]
[[0, 7, 1, 8], [20, 6, 21, 5], [16, 4, 17, 3], [12, 23, 13, 0], [6, 14, 7, 13], [4, 18, 5, 17], [10, 21, 11, 22], [11, 23, 12, 22], [8, 1, 9, 2], [9, 3, 10, 2], [14, 20, 15, 19], [15, 18, 16, 19]]
[[15, 1, 16, 0], [7, 17, 8, 16], [1, 4, 2, 5], [3, 14, 4, 15], [11, 2, 12, 3], [21, 11, 0, 10], [17, 7, 18, 6], [18, 5, 19, 6], [13, 12, 14, 13], [20, 9, 21, 10], [19, 9, 20, 8]]
[[0, 14, 1, 13], [24, 12, 25, 11], [18, 6, 19, 5], [14, 2, 15, 1], [12, 0, 13, 25], [6, 20, 7, 19], [4, 18, 5, 17], [23, 10, 24, 11], [22, 10, 23, 9], [3, 16, 4, 17], [2, 16, 3, 15], [21, 8, 22, 9], [20, 8, 21, 7]]
[[21, 9, 0, 8], [17, 3, 18, 2], [13, 7, 14, 6], [11, 1, 12, 0], [7, 13, 8, 12], [5, 15, 6, 14], [1, 19, 2, 18], [3, 5, 4, 4], [19, 11, 20, 10], [20, 9, 21, 10], [16, 15, 17, 16]]
[[0, 12, 1, 11], [18, 10, 19, 9], [16, 4, 17, 3], [14, 6, 15, 5], [10, 0, 11, 19], [6, 18, 7, 17], [4, 16, 5, 15], [13, 12, 14, 13], [7, 8, 8, 9], [1, 2, 2, 3]]
[[23, 9, 0, 8], [17, 7, 18, 6], [15, 3, 16, 2], [9, 23, 10, 22], [7, 1, 8, 0], [3, 15, 4, 14], [1, 17, 2, 16], [11, 19, 12, 18], [10, 19, 11, 20], [20, 21, 21, 22], [13, 5, 14, 4], [12, 5, 13, 6]]
[[23, 13, 0, 12], [19, 1, 20, 0], [17, 3, 18, 2], [15, 7, 16, 6], [7, 23, 8, 22], [3, 19, 4, 18], [1, 17, 2, 16], [11, 21, 12, 20], [8, 21, 9, 22], [10, 9, 11, 10], [14, 5, 15, 6], [13, 5, 14, 4]]
[[0, 4, 1, 3], [20, 10, 21, 9], [16, 2, 17, 1], [10, 5, 11, 6], [6, 0, 7, 21], [4, 13, 5, 14], [2, 18, 3, 17], [15, 14, 16, 15], [11, 13, 12, 12], [19, 8, 20, 9], [18, 8, 19, 7]]
[[0, 9, 1, 10], [22, 4, 23, 3], [16, 1, 17, 2], [14, 18, 15, 17], [10, 23, 11, 0], [6, 14, 7, 13], [2, 15, 3, 16], [4, 20, 5, 19], [5, 18, 6, 19], [21, 21, 22, 20], [8, 12, 9, 11], [7, 12, 8, 13]]
[[0, 18, 1, 17], [26, 20, 27, 19], [20, 11, 21, 12], [18, 0, 19, 27], [14, 4, 15, 3], [12, 6, 13, 5], [6, 21, 7, 22], [4, 14, 5, 13], [10, 25, 11, 26], [7, 23, 8, 22], [2, 16, 3, 15], [1, 16, 2, 17], [8, 23, 9, 24], [9, 25, 10, 24]]
[[0, 13, 1, 14], [22, 12, 23, 11], [20, 6, 21, 5], [16, 4, 17, 3], [14, 25, 15, 0], [12, 16, 13, 15], [8, 22, 9, 21], [4, 18, 5, 17], [1, 3, 2, 2], [6, 20, 7, 19], [7, 18, 8, 19], [10, 24, 11, 23], [9, 24, 10, 25]]
[[17, 1, 18, 0], [5, 15, 6, 14], [13, 18, 14, 19], [11, 20, 12, 21], [19, 12, 20, 13], [23, 8, 0, 9], [3, 17, 4, 16], [15, 5, 16, 4], [2, 2, 3, 1], [22, 10, 23, 9], [21, 10, 22, 11], [6, 7, 7, 8]]
[[25, 12, 0, 13], [23, 14, 24, 15], [17, 9, 18, 8], [15, 11, 16, 10], [13, 0, 14, 1], [11, 24, 12, 25], [9, 17, 10, 16], [1, 23, 2, 22], [19, 5, 20, 4], [18, 5, 19, 6], [6, 8, 7, 7], [21, 3, 22, 2], [20, 3, 21, 4]]
[[0, 20, 1, 19], [22, 14, 23, 13], [20, 7, 21, 8], [16, 26, 17, 25], [12, 6, 13, 5], [8, 2, 9, 1], [6, 21, 7, 22], [4, 12, 5, 11], [17, 26, 18, 27], [18, 0, 19, 27], [3, 10, 4, 11], [2, 10, 3, 9], [15, 24, 16, 25], [14, 24, 15, 23]]
[[25, 14, 0, 15], [19, 11, 20, 10], [17, 5, 18, 4], [15, 13, 16, 12], [13, 0, 14, 1], [11, 17, 12, 16], [7, 19, 8, 18], [3, 25, 4, 24], [23, 9, 24, 8], [22, 9, 23, 10], [5, 6, 6, 7], [20, 1, 21, 2], [21, 3, 22, 2]]
[[25, 14, 0, 15], [19, 5, 20, 4], [17, 2, 18, 3], [15, 0, 16, 1], [11, 18, 12, 19], [9, 21, 10, 20], [3, 11, 4, 10], [1, 16, 2, 17], [23, 7, 24, 6], [24, 5, 25, 6], [21, 9, 22, 8], [22, 7, 23, 8], [13, 12, 14, 13]]
[[0, 16, 1, 15], [24, 7, 25, 8], [18, 14, 19, 13], [14, 26, 15, 25], [12, 1, 13, 2], [10, 3, 11, 4], [6, 21, 7, 22], [2, 11, 3, 12], [16, 0, 17, 27], [17, 26, 18, 27], [9, 23, 10, 22], [8, 23, 9, 24], [20, 5, 21, 6], [19, 5, 20, 4]]
[[17, 1, 18, 0], [5, 17, 6, 16], [13, 22, 14, 23], [23, 10, 0, 11], [11, 18, 12, 19], [21, 12, 22, 13], [1, 15, 2, 14], [15, 5, 16, 4], [19, 21, 20, 20], [7, 7, 8, 6], [9, 3, 10, 2], [8, 3, 9, 4]]
[[23, 9, 0, 8], [19, 12, 20, 13], [15, 10, 16, 11], [13, 6, 14, 7], [11, 18, 12, 19], [9, 1, 10, 0], [7, 14, 8, 15], [1, 21, 2, 20], [17, 17, 18, 16], [22, 3, 23, 4], [21, 3, 22, 2], [5, 5, 6, 4]]
[[0, 11, 1, 12], [24, 10, 25, 9], [20, 6, 21, 5], [16, 2, 17, 1], [12, 25, 13, 0], [10, 14, 11, 13], [8, 20, 9, 19], [2, 22, 3, 21], [14, 15, 15, 16], [3, 22, 4, 23], [4, 24, 5, 23], [17, 6, 18, 7], [18, 8, 19, 7]]
[[21, 1, 22, 0], [11, 17, 12, 16], [13, 22, 14, 23], [25, 12, 0, 13], [5, 19, 6, 18], [1, 10, 2, 11], [9, 2, 10, 3], [17, 9, 18, 8], [20, 7, 21, 8], [19, 7, 20, 6], [15, 24, 16, 25], [14, 24, 15, 23], [3, 5, 4, 4]]
[[0, 16, 1, 15], [24, 9, 25, 10], [20, 11, 21, 12], [16, 14, 17, 13], [14, 0, 15, 25], [12, 1, 13, 2], [10, 21, 11, 22], [4, 17, 5, 18], [2, 4, 3, 3], [8, 23, 9, 24], [7, 23, 8, 22], [18, 5, 19, 6], [19, 7, 20, 6]]
[[27, 13, 0, 12], [25, 21, 26, 20], [23, 4, 24, 5], [19, 7, 20, 6], [13, 1, 14, 0], [9, 17, 10, 16], [5, 27, 6, 26], [1, 24, 2, 25], [17, 9, 18, 8], [18, 7, 19, 8], [11, 15, 12, 14], [10, 15, 11, 16], [21, 2, 22, 3], [22, 4, 23, 3]]
[[0, 22, 1, 21], [26, 8, 27, 7], [22, 20, 23, 19], [20, 0, 21, 27], [18, 12, 19, 11], [12, 2, 13, 1], [8, 26, 9, 25], [2, 14, 3, 13], [5, 16, 6, 17], [6, 18, 7, 17], [15, 4, 16, 5], [14, 4, 15, 3], [24, 10, 25, 9], [23, 10, 24, 11]]
[[23, 18, 0, 19], [21, 15, 22, 14], [19, 0, 20, 1], [17, 5, 18, 4], [11, 2, 12, 3], [7, 21, 8, 20], [3, 22, 4, 23], [1, 10, 2, 11], [6, 5, 7, 6], [16, 15, 17, 16], [12, 10, 13, 9], [13, 8, 14, 9]]
[[19, 1, 20, 0], [3, 17, 4, 16], [13, 22, 14, 23], [25, 4, 0, 5], [5, 20, 6, 21], [21, 10, 22, 11], [1, 7, 2, 6], [9, 3, 10, 2], [23, 14, 24, 15], [24, 16, 25, 15], [7, 19, 8, 18], [8, 17, 9, 18], [11, 12, 12, 13]]
[[21, 1, 22, 0], [17, 26, 18, 27], [1, 14, 2, 15], [27, 7, 0, 6], [23, 2, 24, 3], [15, 23, 16, 22], [7, 18, 8, 19], [5, 17, 6, 16], [11, 20, 12, 21], [10, 20, 11, 19], [25, 4, 26, 5], [24, 4, 25, 3], [8, 14, 9, 13], [9, 12, 10, 13]]
[[23, 7, 0, 6], [18, 14, 19, 13], [16, 6, 17, 5], [14, 20, 15, 19], [10, 18, 11, 17], [7, 1, 8, 0], [4, 16, 5, 15], [3, 21, 4, 20], [9, 9, 10, 8], [11, 13, 12, 12], [1, 23, 2, 22], [2, 21, 3, 22]]
[[0, 16, 1, 15], [17, 8, 18, 9], [16, 14, 17, 13], [14, 0, 15, 25], [11, 2, 12, 3], [9, 12, 10, 13], [3, 24, 4, 25], [1, 10, 2, 11], [4, 24, 5, 23], [5, 22, 6, 23], [20, 8, 21, 7], [21, 6, 22, 7], [19, 19, 20, 18]]
[[0, 18, 1, 17], [19, 8, 20, 9], [18, 16, 19, 15], [16, 0, 17, 25], [14, 10, 15, 9], [12, 2, 13, 1], [5, 24, 6, 25], [4, 14, 5, 13], [6, 24, 7, 23], [7, 20, 8, 21], [10, 4, 11, 3], [11, 2, 12, 3], [21, 22, 22, 23]]
[[0, 16, 1, 15], [26, 14, 27, 13], [20, 8, 21, 7], [18, 6, 19, 5], [16, 4, 17, 3], [14, 0, 15, 27], [10, 24, 11, 23], [6, 20, 7, 19], [4, 18, 5, 17], [11, 24, 12, 25], [12, 26, 13, 25], [1, 2, 2, 3], [9, 22, 10, 23], [8, 22, 9, 21]]
[[27, 19, 0, 18], [25, 11, 26, 10], [19, 27, 20, 26], [17, 1, 18, 0], [15, 3, 16, 2], [11, 7, 12, 6], [7, 21, 8, 20], [5, 13, 6, 12], [1, 17, 2, 16], [24, 24, 25, 23], [13, 5, 14, 4], [14, 3, 15, 4], [8, 21, 9, 22], [9, 23, 10, 22]]
[[0, 14, 1, 13], [26, 10, 27, 9], [24, 12, 25, 11], [22, 6, 23, 5], [18, 2, 19, 1], [12, 0, 13, 27], [10, 26, 11, 25], [8, 24, 9, 23], [4, 22, 5, 21], [15, 14, 16, 15], [3, 20, 4, 21], [2, 20, 3, 19], [6, 18, 7, 17], [7, 16, 8, 17]]
[[29, 13, 0, 12], [25, 17, 26, 16], [23, 7, 24, 6], [19, 3, 20, 2], [17, 25, 18, 24], [15, 27, 16, 26], [7, 1, 8, 0], [5, 23, 6, 22], [1, 19, 2, 18], [8, 27, 9, 28], [11, 29, 12, 28], [4, 21, 5, 22], [3, 21, 4, 20], [13, 11, 14, 10], [14, 9, 15, 10]]
[[25, 9, 26, 8], [23, 11, 24, 10], [19, 5, 20, 4], [17, 3, 18, 2], [15, 21, 16, 20], [9, 25, 10, 24], [5, 1, 6, 0], [3, 17, 4, 16], [1, 19, 2, 18], [11, 23, 12, 22], [12, 21, 13, 22], [7, 27, 8, 26], [6, 27, 7, 0], [14, 14, 15, 13]]
[[0, 18, 1, 17], [26, 24, 27, 23], [24, 6, 25, 5], [22, 0, 23, 27], [20, 4, 21, 3], [18, 2, 19, 1], [16, 26, 17, 25], [4, 22, 5, 21], [2, 20, 3, 19], [10, 12, 11, 11], [6, 16, 7, 15], [7, 14, 8, 15], [13, 9, 14, 8], [12, 9, 13, 10]]
[[27, 19, 0, 18], [25, 17, 26, 16], [23, 9, 24, 8], [19, 25, 20, 24], [17, 27, 18, 26], [15, 1, 16, 0], [9, 5, 10, 4], [7, 21, 8, 20], [1, 15, 2, 14], [3, 13, 4, 12], [2, 13, 3, 14], [21, 7, 22, 6], [22, 5, 23, 6], [10, 11, 11, 12]]
[[0, 5, 1, 6], [24, 7, 25, 8], [20, 14, 21, 13], [18, 2, 19, 1], [16, 10, 17, 9], [10, 20, 11, 19], [8, 21, 9, 22], [6, 25, 7, 0], [2, 18, 3, 17], [12, 12, 13, 11], [15, 14, 16, 15], [4, 23, 5, 24], [3, 23, 4, 22]]
[[0, 12, 1, 11], [24, 16, 25, 15], [20, 6, 21, 5], [16, 4, 17, 3], [14, 0, 15, 25], [12, 2, 13, 1], [10, 24, 11, 23], [4, 20, 5, 19], [2, 14, 3, 13], [18, 18, 19, 17], [21, 8, 22, 9], [22, 10, 23, 9], [7, 6, 8, 7]]
[[0, 12, 1, 11], [24, 16, 25, 15], [22, 6, 23, 5], [18, 10, 19, 9], [16, 4, 17, 3], [12, 0, 13, 27], [10, 24, 11, 23], [6, 22, 7, 21], [4, 18, 5, 17], [26, 14, 27, 13], [25, 14, 26, 15], [20, 8, 21, 7], [19, 8, 20, 9], [2, 2, 3, 1]]
[[27, 16, 0, 17], [19, 6, 20, 7], [17, 4, 18, 5], [15, 13, 16, 12], [13, 2, 14, 3], [11, 22, 12, 23], [5, 18, 6, 19], [3, 1, 4, 0], [1, 14, 2, 15], [8, 26, 9, 25], [7, 26, 8, 27], [23, 24, 24, 25], [21, 10, 22, 11], [20, 10, 21, 9]]
[[27, 14, 0, 15], [21, 5, 22, 4], [17, 9, 18, 8], [15, 26, 16, 27], [13, 3, 14, 2], [11, 17, 12, 16], [5, 19, 6, 18], [3, 1, 4, 0], [1, 13, 2, 12], [23, 23, 24, 22], [20, 7, 21, 8], [19, 7, 20, 6], [24, 9, 25, 10], [25, 11, 26, 10]]
[[27, 19, 0, 18], [25, 7, 26, 6], [23, 5, 24, 4], [21, 3, 22, 2], [19, 25, 20, 24], [17, 27, 18, 26], [5, 1, 6, 0], [3, 21, 4, 20], [1, 23, 2, 22], [11, 17, 12, 16], [10, 15, 11, 16], [9, 15, 10, 14], [12, 7, 13, 8], [13, 9, 14, 8]]
[[0, 9, 1, 10], [26, 13, 27, 14], [20, 3, 21, 4], [18, 2, 19, 1], [16, 21, 17, 22], [10, 27, 11, 0], [8, 18, 9, 17], [4, 19, 5, 20], [2, 8, 3, 7], [12, 25, 13, 26], [11, 25, 12, 24], [23, 15, 24, 14], [22, 15, 23, 16], [5, 6, 6, 7]]
[[29, 22, 0, 23], [27, 24, 28, 25], [25, 10, 26, 11], [23, 28, 24, 29], [21, 13, 22, 12], [13, 8, 14, 9], [11, 26, 12, 27], [9, 1, 10, 0], [1, 18, 2, 19], [4, 18, 5, 17], [5, 16, 6, 17], [19, 2, 20, 3], [20, 4, 21, 3], [14, 8, 15, 7], [15, 6, 16, 7]]
[[0, 18, 1, 17], [24, 14, 25, 13], [22, 8, 23, 7], [18, 24, 19, 23], [14, 26, 15, 25], [12, 4, 13, 3], [10, 2, 11, 1], [4, 20, 5, 19], [2, 12, 3, 11], [5, 20, 6, 21], [6, 22, 7, 21], [8, 10, 9, 9], [15, 26, 16, 27], [16, 0, 17, 27]]
[[0, 16, 1, 15], [22, 9, 23, 10], [20, 3, 21, 4], [16, 2, 17, 1], [14, 0, 15, 29], [10, 21, 11, 22], [6, 12, 7, 11], [4, 19, 5, 20], [2, 6, 3, 5], [25, 9, 26, 8], [26, 7, 27, 8], [18, 24, 19, 23], [17, 24, 18, 25], [27, 12, 28, 13], [28, 14, 29, 13]]
[[29, 13, 0, 12], [27, 1, 28, 0], [23, 7, 24, 6], [19, 11, 20, 10], [15, 3, 16, 2], [11, 29, 12, 28], [9, 21, 10, 20], [3, 19, 4, 18], [1, 25, 2, 24], [7, 23, 8, 22], [8, 21, 9, 22], [17, 5, 18, 4], [16, 5, 17, 6], [14, 26, 15, 25], [13, 26, 14, 27]]
[[27, 7, 0, 6], [21, 8, 22, 9], [17, 25, 18, 24], [11, 2, 12, 3], [9, 20, 10, 21], [7, 15, 8, 14], [5, 1, 6, 0], [3, 10, 4, 11], [1, 5, 2, 4], [13, 12, 14, 13], [15, 27, 16, 26], [16, 25, 17, 26], [23, 19, 24, 18], [22, 19, 23, 20]]
[[0, 14, 1, 13], [22, 3, 23, 4], [18, 10, 19, 9], [16, 0, 17, 27], [14, 2, 15, 1], [10, 8, 11, 7], [8, 18, 9, 17], [4, 21, 5, 22], [2, 16, 3, 15], [26, 20, 27, 19], [25, 20, 26, 21], [24, 23, 25, 24], [12, 6, 13, 5], [11, 6, 12, 7]]
[[23, 18, 24, 19], [21, 10, 22, 11], [19, 8, 20, 9], [17, 13, 18, 12], [13, 6, 14, 7], [11, 20, 12, 21], [9, 22, 10, 23], [7, 1, 8, 0], [1, 16, 2, 17], [25, 24, 0, 25], [14, 4, 15, 3], [15, 2, 16, 3], [5, 4, 6, 5]]
[[0, 24, 1, 23], [26, 19, 27, 20], [24, 9, 25, 10], [20, 16, 21, 15], [16, 29, 17, 0], [14, 8, 15, 7], [12, 6, 13, 5], [8, 25, 9, 26], [6, 14, 7, 13], [17, 29, 18, 28], [18, 27, 19, 28], [22, 2, 23, 1], [21, 2, 22, 3], [3, 10, 4, 11], [4, 12, 5, 11]]
[[27, 5, 28, 4], [25, 15, 26, 14], [23, 27, 24, 26], [17, 3, 18, 2], [15, 13, 16, 12], [13, 25, 14, 24], [11, 23, 12, 22], [3, 1, 4, 0], [1, 17, 2, 16], [6, 29, 7, 0], [5, 29, 6, 28], [8, 19, 9, 20], [7, 19, 8, 18], [10, 21, 11, 22], [9, 21, 10, 20]]
[[0, 14, 1, 13], [28, 26, 29, 25], [26, 4, 27, 3], [22, 9, 23, 10], [20, 7, 21, 8], [16, 0, 17, 29], [12, 19, 13, 20], [8, 21, 9, 22], [4, 28, 5, 27], [5, 25, 6, 24], [6, 23, 7, 24], [18, 11, 19, 12], [17, 11, 18, 10], [1, 14, 2, 15], [2, 16, 3, 15]]
[[25, 11, 0, 10], [19, 2, 20, 3], [17, 9, 18, 8], [11, 23, 12, 22], [9, 7, 10, 6], [7, 17, 8, 16], [5, 1, 6, 0], [3, 18, 4, 19], [1, 5, 2, 4], [14, 16, 15, 15], [12, 23, 13, 24], [13, 25, 14, 24], [20, 21, 21, 22]]
[[27, 19, 0, 18], [23, 16, 24, 17], [21, 6, 22, 7], [19, 10, 20, 11], [17, 15, 18, 14], [15, 26, 16, 27], [13, 1, 14, 0], [7, 22, 8, 23], [3, 20, 4, 21], [11, 3, 12, 2], [12, 1, 13, 2], [24, 26, 25, 25], [8, 6, 9, 5], [9, 4, 10, 5]]
[[27, 16, 0, 17], [25, 18, 26, 19], [19, 13, 20, 12], [17, 4, 18, 5], [15, 3, 16, 2], [13, 26, 14, 27], [7, 25, 8, 24], [3, 1, 4, 0], [1, 15, 2, 14], [21, 11, 22, 10], [20, 11, 21, 12], [5, 7, 6, 6], [23, 9, 24, 8], [22, 9, 23, 10]]
[[0, 7, 1, 8], [24, 10, 25, 9], [20, 0, 21, 25], [18, 12, 19, 11], [16, 20, 17, 19], [12, 1, 13, 2], [10, 18, 11, 17], [8, 22, 9, 21], [4, 15, 5, 16], [5, 7, 6, 6], [14, 3, 15, 4], [13, 3, 14, 2], [22, 24, 23, 23]]
[[27, 13, 0, 12], [21, 4, 22, 5], [19, 11, 20, 10], [13, 23, 14, 22], [11, 6, 12, 7], [9, 21, 10, 20], [7, 0, 8, 1], [5, 18, 6, 19], [3, 8, 4, 9], [14, 23, 15, 24], [17, 27, 18, 26], [24, 15, 25, 16], [25, 17, 26, 16], [2, 2, 3, 1]]
[[0, 18, 1, 17], [24, 3, 25, 4], [22, 2, 23, 1], [18, 7, 19, 8], [16, 0, 17, 25], [10, 21, 11, 22], [6, 15, 7, 16], [4, 23, 5, 24], [2, 6, 3, 5], [8, 9, 9, 10], [19, 13, 20, 12], [20, 11, 21, 12], [13, 15, 14, 14]]
[[0, 18, 1, 17], [24, 13, 25, 14], [20, 8, 21, 7], [18, 2, 19, 1], [14, 3, 15, 4], [8, 6, 9, 5], [6, 20, 7, 19], [4, 21, 5, 22], [2, 0, 3, 25], [15, 17, 16, 16], [10, 23, 11, 24], [9, 23, 10, 22], [12, 11, 13, 12]]
[[29, 23, 0, 22], [27, 18, 28, 19], [23, 10, 24, 11], [21, 7, 22, 6], [15, 26, 16, 27], [11, 4, 12, 5], [9, 28, 10, 29], [5, 1, 6, 0], [3, 14, 4, 15], [13, 2, 14, 3], [12, 2, 13, 1], [16, 26, 17, 25], [17, 24, 18, 25], [7, 21, 8, 20], [8, 19, 9, 20]]
[[0, 10, 1, 9], [28, 7, 29, 8], [24, 13, 25, 14], [20, 28, 21, 27], [16, 29, 17, 0], [14, 23, 15, 24], [12, 2, 13, 1], [8, 16, 9, 15], [4, 17, 5, 18], [10, 4, 11, 3], [11, 2, 12, 3], [18, 5, 19, 6], [19, 7, 20, 6], [22, 26, 23, 25], [21, 26, 22, 27]]
[[27, 8, 0, 9], [23, 4, 24, 5], [19, 7, 20, 6], [17, 25, 18, 24], [13, 22, 14, 23], [9, 19, 10, 18], [7, 0, 8, 1], [5, 10, 6, 11], [1, 15, 2, 14], [21, 12, 22, 13], [20, 12, 21, 11], [25, 17, 26, 16], [26, 15, 27, 16], [2, 4, 3, 3]]
[[27, 13, 0, 12], [25, 5, 26, 4], [19, 9, 20, 8], [15, 3, 16, 2], [13, 27, 14, 26], [9, 1, 10, 0], [7, 21, 8, 20], [3, 15, 4, 14], [1, 19, 2, 18], [16, 12, 17, 11], [17, 10, 18, 11], [5, 25, 6, 24], [6, 23, 7, 24], [22, 22, 23, 21]]
[[25, 6, 0, 7], [21, 10, 22, 11], [17, 23, 18, 22], [13, 2, 14, 3], [11, 20, 12, 21], [9, 13, 10, 12], [7, 0, 8, 1], [3, 14, 4, 15], [1, 8, 2, 9], [24, 19, 25, 20], [23, 19, 24, 18], [4, 6, 5, 5], [15, 16, 16, 17]]
[[0, 11, 1, 12], [26, 7, 27, 8], [22, 2, 23, 1], [16, 6, 17, 5], [12, 27, 13, 0], [10, 14, 11, 13], [8, 23, 9, 24], [6, 10, 7, 9], [2, 22, 3, 21], [24, 25, 25, 26], [4, 18, 5, 17], [3, 20, 4, 21], [15, 19, 16, 18], [14, 19, 15, 20]]
[[25, 15, 0, 14], [23, 19, 24, 18], [21, 7, 22, 6], [19, 25, 20, 24], [17, 5, 18, 4], [15, 23, 16, 22], [13, 1, 14, 0], [5, 17, 6, 16], [3, 21, 4, 20], [11, 3, 12, 2], [12, 1, 13, 2], [8, 7, 9, 8], [9, 11, 10, 10]]
[[0, 9, 1, 10], [24, 4, 25, 3], [22, 13, 23, 14], [20, 1, 21, 2], [16, 5, 17, 6], [12, 25, 13, 26], [8, 21, 9, 22], [4, 24, 5, 23], [2, 19, 3, 20], [27, 11, 0, 10], [26, 11, 27, 12], [15, 7, 16, 6], [14, 7, 15, 8], [18, 18, 19, 17]]
[[0, 10, 1, 9], [28, 11, 29, 12], [22, 18, 23, 17], [20, 0, 21, 29], [18, 1, 19, 2], [16, 8, 17, 7], [10, 20, 11, 19], [8, 21, 9, 22], [4, 24, 5, 23], [27, 13, 28, 12], [26, 15, 27, 16], [2, 13, 3, 14], [3, 15, 4, 14], [5, 24, 6, 25], [6, 26, 7, 25]]
[[0, 8, 1, 7], [26, 9, 27, 10], [20, 5, 21, 6], [18, 0, 19, 27], [16, 1, 17, 2], [14, 21, 15, 22], [8, 18, 9, 17], [6, 19, 7, 20], [4, 15, 5, 16], [25, 11, 26, 10], [22, 13, 23, 14], [3, 3, 4, 2], [11, 25, 12, 24], [12, 23, 13, 24]]
[[0, 18, 1, 17], [16, 10, 17, 9], [18, 13, 19, 14], [10, 19, 11, 20], [3, 8, 4, 9], [5, 15, 6, 14], [15, 5, 16, 4], [1, 6, 2, 7], [7, 2, 8, 3], [12, 25, 13, 26], [11, 25, 12, 24], [23, 20, 24, 21], [27, 22, 0, 23], [26, 22, 27, 21]]
[[0, 20, 1, 19], [24, 5, 25, 6], [22, 2, 23, 1], [21, 13, 22, 12], [16, 26, 17, 25], [15, 9, 16, 8], [9, 21, 10, 20], [6, 23, 7, 24], [4, 8, 5, 7], [14, 3, 15, 4], [13, 3, 14, 2], [17, 26, 18, 27], [18, 0, 19, 27], [10, 12, 11, 11]]
[[25, 16, 0, 17], [24, 5, 25, 6], [20, 2, 21, 1], [19, 15, 20, 14], [17, 0, 18, 1], [15, 13, 16, 12], [13, 19, 14, 18], [6, 23, 7, 24], [2, 10, 3, 9], [22, 22, 23, 21], [10, 11, 11, 12], [4, 8, 5, 7], [3, 8, 4, 9]]
[[27, 14, 0, 15], [26, 3, 27, 4], [20, 2, 21, 1], [16, 9, 17, 10], [15, 0, 16, 1], [10, 19, 11, 20], [8, 13, 9, 14], [6, 21, 7, 22], [2, 8, 3, 7], [23, 5, 24, 4], [22, 5, 23, 6], [25, 24, 26, 25], [17, 13, 18, 12], [18, 11, 19, 12]]
[[25, 17, 26, 16], [22, 9, 23, 10], [19, 4, 20, 5], [17, 12, 18, 13], [13, 1, 14, 0], [10, 21, 11, 22], [8, 12, 9, 11], [7, 18, 8, 19], [3, 20, 4, 21], [23, 24, 24, 25], [27, 15, 0, 14], [26, 15, 27, 16], [1, 7, 2, 6], [2, 5, 3, 6]]
[[0, 10, 1, 9], [21, 4, 22, 5], [19, 9, 20, 8], [17, 23, 18, 22], [15, 20, 16, 21], [11, 19, 12, 18], [10, 24, 11, 23], [5, 12, 6, 13], [1, 17, 2, 16], [7, 14, 8, 15], [6, 14, 7, 13], [24, 0, 25, 25], [3, 2, 4, 3]]
[[0, 13, 1, 14], [26, 5, 27, 6], [19, 2, 20, 3], [16, 27, 17, 0], [12, 18, 13, 17], [6, 21, 7, 22], [4, 12, 5, 11], [3, 18, 4, 19], [1, 20, 2, 21], [24, 9, 25, 10], [25, 11, 26, 10], [14, 15, 15, 16], [8, 23, 9, 24], [7, 23, 8, 22]]
[[0, 6, 1, 5], [17, 11, 18, 10], [15, 5, 16, 4], [14, 0, 15, 25], [11, 3, 12, 2], [7, 23, 8, 22], [6, 14, 7, 13], [3, 17, 4, 16], [1, 13, 2, 12], [18, 20, 19, 19], [24, 24, 25, 23], [9, 21, 10, 20], [8, 21, 9, 22]]
[[31, 14, 0, 15], [23, 7, 24, 6], [21, 9, 22, 8], [19, 11, 20, 10], [15, 13, 16, 12], [13, 0, 14, 1], [11, 19, 12, 18], [9, 21, 10, 20], [7, 23, 8, 22], [1, 31, 2, 30], [29, 3, 30, 2], [24, 5, 25, 6], [25, 5, 26, 4], [28, 3, 29, 4], [16, 28, 17, 27], [17, 26, 18, 27]]
[[0, 14, 1, 13], [26, 11, 27, 12], [24, 0, 25, 27], [22, 8, 23, 7], [18, 6, 19, 5], [14, 2, 15, 1], [12, 25, 13, 26], [8, 24, 9, 23], [6, 22, 7, 21], [2, 18, 3, 17], [16, 15, 17, 16], [10, 20, 11, 19], [9, 20, 10, 21], [4, 4, 5, 3]]
[[27, 19, 0, 18], [25, 8, 26, 9], [23, 10, 24, 11], [21, 27, 22, 26], [17, 1, 18, 0], [13, 3, 14, 2], [11, 22, 12, 23], [9, 24, 10, 25], [7, 13, 8, 12], [1, 17, 2, 16], [4, 4, 5, 3], [14, 5, 15, 6], [15, 7, 16, 6], [20, 20, 21, 19]]
[[29, 18, 0, 19], [27, 20, 28, 21], [25, 3, 26, 2], [23, 15, 24, 14], [21, 17, 22, 16], [19, 0, 20, 1], [17, 28, 18, 29], [15, 23, 16, 22], [3, 25, 4, 24], [1, 27, 2, 26], [8, 9, 9, 10], [7, 11, 8, 10], [4, 13, 5, 14], [11, 7, 12, 6], [12, 5, 13, 6]]
[[29, 10, 0, 11], [27, 6, 28, 7], [21, 9, 22, 8], [17, 25, 18, 24], [13, 4, 14, 5], [11, 0, 12, 1], [9, 28, 10, 29], [7, 21, 8, 20], [5, 14, 6, 15], [3, 12, 4, 13], [22, 23, 23, 24], [18, 25, 19, 26], [19, 27, 20, 26], [2, 16, 3, 15], [1, 16, 2, 17]]
[[29, 14, 0, 15], [25, 11, 26, 10], [21, 5, 22, 4], [17, 3, 18, 2], [15, 13, 16, 12], [13, 0, 14, 1], [11, 17, 12, 16], [5, 23, 6, 22], [3, 19, 4, 18], [1, 29, 2, 28], [26, 27, 27, 28], [6, 23, 7, 24], [9, 25, 10, 24], [19, 9, 20, 8], [20, 7, 21, 8]]
[[0, 11, 1, 12], [26, 10, 27, 9], [24, 6, 25, 5], [22, 8, 23, 7], [18, 2, 19, 1], [14, 29, 15, 30], [10, 18, 11, 17], [8, 22, 9, 21], [6, 24, 7, 23], [4, 26, 5, 25], [15, 29, 16, 28], [16, 27, 17, 28], [31, 13, 0, 12], [30, 13, 31, 14], [19, 2, 20, 3], [20, 4, 21, 3]]
[[0, 13, 1, 14], [28, 17, 29, 18], [22, 12, 23, 11], [20, 10, 21, 9], [18, 8, 19, 7], [16, 29, 17, 30], [12, 1, 13, 2], [10, 22, 11, 21], [8, 20, 9, 19], [2, 28, 3, 27], [31, 15, 0, 14], [30, 15, 31, 16], [6, 24, 7, 23], [5, 24, 6, 25], [4, 26, 5, 25], [3, 26, 4, 27]]
[[0, 14, 1, 13], [28, 7, 29, 8], [26, 11, 27, 12], [20, 0, 21, 31], [16, 4, 17, 3], [14, 2, 15, 1], [12, 27, 13, 28], [8, 23, 9, 24], [6, 20, 7, 19], [2, 16, 3, 15], [17, 4, 18, 5], [18, 6, 19, 5], [22, 30, 23, 29], [21, 30, 22, 31], [24, 9, 25, 10], [25, 11, 26, 10]]
[[0, 14, 1, 13], [24, 5, 25, 6], [22, 7, 23, 8], [20, 9, 21, 10], [14, 12, 15, 11], [12, 26, 13, 25], [10, 1, 11, 2], [8, 21, 9, 22], [6, 23, 7, 24], [4, 15, 5, 16], [3, 19, 4, 18], [2, 19, 3, 20], [16, 17, 17, 18], [26, 0, 27, 27]]
[[29, 8, 0, 9], [25, 12, 26, 13], [23, 1, 24, 0], [21, 7, 22, 6], [15, 3, 16, 2], [13, 24, 14, 25], [11, 26, 12, 27], [7, 15, 8, 14], [5, 19, 6, 18], [1, 23, 2, 22], [16, 3, 17, 4], [17, 5, 18, 4], [19, 21, 20, 20], [28, 10, 29, 9], [27, 10, 28, 11]]
[[23, 12, 24, 13], [19, 5, 20, 4], [17, 8, 18, 9], [15, 2, 16, 3], [13, 0, 14, 1], [11, 16, 12, 17], [7, 18, 8, 19], [5, 21, 6, 20], [3, 7, 4, 6], [1, 14, 2, 15], [24, 0, 25, 25], [21, 23, 22, 22], [9, 10, 10, 11]]
[[31, 4, 0, 5], [29, 23, 30, 22], [25, 14, 26, 15], [19, 1, 20, 0], [17, 3, 18, 2], [15, 9, 16, 8], [11, 28, 12, 29], [7, 30, 8, 31], [3, 17, 4, 16], [1, 19, 2, 18], [27, 10, 28, 11], [26, 10, 27, 9], [13, 24, 14, 25], [12, 24, 13, 23], [21, 6, 22, 7], [20, 6, 21, 5]]
[[0, 9, 1, 10], [26, 8, 27, 7], [24, 18, 25, 17], [20, 4, 21, 3], [18, 2, 19, 1], [16, 26, 17, 25], [14, 27, 15, 28], [8, 16, 9, 15], [6, 24, 7, 23], [2, 20, 3, 19], [5, 22, 6, 23], [4, 22, 5, 21], [31, 11, 0, 10], [30, 11, 31, 12], [29, 13, 30, 12], [28, 13, 29, 14]]
