[[17,13,18,12],[13,17,14,16],[15,10,16,11],[11,14,12,15],[9,27,10,26],[7,29,8,28],[5,21,6,20],[1,23,2,22],[29,19,0,18],[27,9,28,8],[23,7,24,6],[21,3,22,2],[19,1,20,0],[25,24,26,25],[3,4,4,5]]
[[17,13,18,12],[13,17,14,16],[15,10,16,11],[11,14,12,15],[9,27,10,26],[7,29,8,28],[5,21,6,20],[3,25,4,24],[29,19,30,18],[27,9,28,8],[25,7,26,6],[21,5,22,4],[19,1,20,0],[22,1,23,2],[23,3,24,2],[30,31,31,0]]
[[21,15,22,14],[15,19,16,18],[17,10,18,11],[11,16,12,17],[9,31,10,30],[5,37,6,36],[3,27,4,26],[1,29,2,28],[37,25,0,24],[35,9,36,8],[29,5,30,4],[27,3,28,2],[25,1,26,0],[12,19,13,20],[13,21,14,20],[7,7,8,6],[22,33,23,34],[23,35,24,34],[31,32,32,33]]
[[25,17,26,16],[19,25,20,24],[23,14,24,15],[15,22,16,23],[13,41,14,40],[7,45,8,44],[5,29,6,28],[1,33,2,32],[45,27,0,26],[41,13,42,12],[37,7,38,6],[31,5,32,4],[27,1,28,0],[43,11,44,10],[42,11,43,12],[21,21,22,20],[30,36,31,35],[29,36,30,37],[39,39,40,38],[18,17,19,18],[8,10,9,9],[2,33,3,34],[3,35,4,34]]
[[35,23,36,22],[23,33,24,32],[31,14,32,15],[17,26,18,27],[13,45,14,44],[7,47,8,46],[5,39,6,38],[1,43,2,42],[47,37,0,36],[45,9,46,8],[43,7,44,6],[39,5,40,4],[37,1,38,0],[20,33,21,34],[21,35,22,34],[12,9,13,10],[16,30,17,29],[15,30,16,31],[10,11,11,12],[28,27,29,28],[3,41,4,40],[2,41,3,42],[24,20,25,19],[25,18,26,19]]
[[23,19,24,18],[19,23,20,22],[21,16,22,17],[17,20,18,21],[13,41,14,40],[9,45,10,44],[7,31,8,30],[1,39,2,38],[47,25,0,24],[43,11,44,10],[39,9,40,8],[31,7,32,6],[27,1,28,0],[33,5,34,4],[32,5,33,6],[14,15,15,16],[45,27,46,26],[46,25,47,26],[37,3,38,2],[36,3,37,4],[11,43,12,42],[12,41,13,42],[34,30,35,29],[35,28,36,29]]
[[35,21,36,20],[27,31,28,30],[29,16,30,17],[17,28,18,29],[11,45,12,44],[9,47,10,46],[7,41,8,40],[5,43,6,42],[47,37,0,36],[45,11,46,10],[43,9,44,8],[41,7,42,6],[37,1,38,0],[3,4,4,5],[14,25,15,26],[15,27,16,26],[21,35,22,34],[24,31,25,32],[2,2,3,1],[13,19,14,18],[12,19,13,20],[38,39,39,40],[33,23,34,22],[32,23,33,24]]
[[23,15,24,14],[15,23,16,22],[21,8,22,9],[13,16,14,17],[7,37,8,36],[5,39,6,38],[3,31,4,30],[1,33,2,32],[41,25,0,24],[37,7,38,6],[35,5,36,4],[31,3,32,2],[29,1,30,0],[28,26,29,25],[12,18,13,17],[9,20,10,21],[27,40,28,41],[26,40,27,39],[34,33,35,34],[18,12,19,11],[19,10,20,11]]
[[35,25,36,24],[25,29,26,28],[27,14,28,15],[15,26,16,27],[13,49,14,48],[7,53,8,52],[5,39,6,38],[1,45,2,44],[53,37,0,36],[49,13,50,12],[45,7,46,6],[41,3,42,2],[37,1,38,0],[16,29,17,30],[17,31,18,30],[11,51,12,50],[8,51,9,52],[34,21,35,22],[33,21,34,20],[10,47,11,48],[9,47,10,46],[18,31,19,32],[19,33,20,32],[22,23,23,24],[43,43,44,42],[3,41,4,40],[4,39,5,40]]
[[17,13,18,12],[13,17,14,16],[15,8,16,9],[9,14,10,15],[7,27,8,26],[5,29,6,28],[3,21,4,20],[1,23,2,22],[29,19,0,18],[27,7,28,6],[23,5,24,4],[21,3,22,2],[19,1,20,0],[25,11,26,10],[24,11,25,12]]
[[21,17,22,16],[17,21,18,20],[19,14,20,15],[15,18,16,19],[13,31,14,30],[11,33,12,32],[7,25,8,24],[3,27,4,26],[33,23,0,22],[31,13,32,12],[29,11,30,10],[25,5,26,4],[23,1,24,0],[2,1,3,2],[8,27,9,28],[9,29,10,28],[5,6,6,7]]
[[15,11,16,10],[11,15,12,14],[13,8,14,9],[9,12,10,13],[7,27,8,26],[5,31,6,30],[3,21,4,20],[1,23,2,22],[31,17,32,16],[27,7,28,6],[23,5,24,4],[21,3,22,2],[19,1,20,0],[32,17,33,18],[33,19,0,18],[24,30,25,29],[25,28,26,29]]
[[23,19,24,18],[19,23,20,22],[21,14,22,15],[15,20,16,21],[13,33,14,32],[9,35,10,34],[7,29,8,28],[1,31,2,30],[35,27,0,26],[33,13,34,12],[31,9,32,8],[29,3,30,2],[27,1,28,0],[5,6,6,7],[3,5,4,4],[11,11,12,10],[25,17,26,16],[24,17,25,18]]
[[23,13,24,12],[17,23,18,22],[19,8,20,9],[11,18,12,19],[7,33,8,32],[5,37,6,36],[3,27,4,26],[1,29,2,28],[39,25,0,24],[33,7,34,6],[29,5,30,4],[27,3,28,2],[25,1,26,0],[38,37,39,38],[13,15,14,14],[21,10,22,11],[20,10,21,9],[30,36,31,35],[31,34,32,35],[16,16,17,15]]
[[21,13,22,12],[13,17,14,16],[15,10,16,11],[11,14,12,15],[9,35,10,34],[7,37,8,36],[5,29,6,28],[1,33,2,32],[41,23,0,22],[35,9,36,8],[33,7,34,6],[31,3,32,2],[27,1,28,0],[29,5,30,4],[30,3,31,4],[18,18,19,17],[37,27,38,26],[38,25,39,26],[20,20,21,19],[23,41,24,40],[24,39,25,40]]
[[23,17,24,16],[17,21,18,20],[19,12,20,13],[13,18,14,19],[11,35,12,34],[9,37,10,36],[7,27,8,26],[1,33,2,32],[37,25,0,24],[35,11,36,10],[33,9,34,8],[27,7,28,6],[25,1,26,0],[31,3,32,2],[28,5,29,6],[22,15,23,16],[21,15,22,14],[3,31,4,30],[4,29,5,30]]
[[31,23,32,22],[23,31,24,30],[29,18,30,19],[21,24,22,25],[13,43,14,42],[11,45,12,44],[9,37,10,36],[5,39,6,38],[49,33,0,32],[43,13,44,12],[41,11,42,10],[37,9,38,8],[33,1,34,0],[35,34,36,35],[48,17,49,18],[45,15,46,14],[1,4,2,5],[28,20,29,19],[25,20,26,21],[2,4,3,3],[6,39,7,40],[7,41,8,40],[27,26,28,27],[16,47,17,48],[15,47,16,46]]
[[17,13,18,12],[13,17,14,16],[15,10,16,11],[11,14,12,15],[9,27,10,26],[7,29,8,28],[5,23,6,22],[3,25,4,24],[29,19,0,18],[27,9,28,8],[25,7,26,6],[23,5,24,4],[21,1,22,0],[19,3,20,2],[20,1,21,2]]
[[17,13,18,12],[13,17,14,16],[15,10,16,11],[11,14,12,15],[9,29,10,28],[7,31,8,30],[5,23,6,22],[1,27,2,26],[31,19,32,18],[29,9,30,8],[27,7,28,6],[23,5,24,4],[21,1,22,0],[32,19,33,20],[33,21,0,20],[25,3,26,2],[24,3,25,4]]
[[21,13,22,12],[15,19,16,18],[17,10,18,11],[11,16,12,17],[9,33,10,32],[5,37,6,36],[3,29,4,28],[1,31,2,30],[37,23,38,22],[35,7,36,6],[31,5,32,4],[29,3,30,2],[27,1,28,0],[38,25,39,26],[39,27,0,26],[19,15,20,14],[20,13,21,14],[24,24,25,23],[33,9,34,8],[34,7,35,8]]
[[17,13,18,12],[13,17,14,16],[15,10,16,11],[11,14,12,15],[9,29,10,28],[5,33,6,32],[3,23,4,22],[1,27,2,26],[33,19,0,18],[31,7,32,6],[27,5,28,4],[23,3,24,2],[21,1,22,0],[20,20,21,19],[24,26,25,25],[29,9,30,8],[30,7,31,8]]
[[19,15,20,14],[15,19,16,18],[17,12,18,13],[13,16,14,17],[11,31,12,30],[9,33,10,32],[5,23,6,22],[1,27,2,26],[33,21,0,20],[31,11,32,10],[29,9,30,8],[23,5,24,4],[21,1,22,0],[28,7,29,8],[27,7,28,6],[25,3,26,2],[24,3,25,4]]
[[35,27,36,26],[27,35,28,34],[31,24,32,25],[25,28,26,29],[21,45,22,44],[13,51,14,50],[7,39,8,38],[3,43,4,42],[53,37,0,36],[47,17,48,16],[43,9,44,8],[39,7,40,6],[37,1,38,0],[11,3,12,2],[12,1,13,2],[41,5,42,4],[40,5,41,6],[45,21,46,20],[46,19,47,20],[32,51,33,52],[33,53,34,52],[18,10,19,9],[17,10,18,11],[23,30,24,31],[22,30,23,29],[15,49,16,48],[14,49,15,50]]
[[31,25,32,24],[25,31,26,30],[29,18,30,19],[23,26,24,27],[17,47,18,46],[13,51,14,50],[7,35,8,34],[1,43,2,42],[51,33,52,32],[47,15,48,14],[45,9,46,8],[37,7,38,6],[33,1,34,0],[28,20,29,19],[27,22,28,23],[10,16,11,15],[9,16,10,17],[53,21,0,20],[52,21,53,22],[35,36,36,37],[44,43,45,44],[5,39,6,38],[4,39,5,40],[48,11,49,12],[49,13,50,12],[41,3,42,2],[40,3,41,4]]
[[17,13,18,12],[13,17,14,16],[15,10,16,11],[11,14,12,15],[9,25,10,24],[5,29,6,28],[3,21,4,20],[1,23,2,22],[29,19,0,18],[27,7,28,6],[23,5,24,4],[21,3,22,2],[19,1,20,0],[25,9,26,8],[26,7,27,8]]
[[35,21,36,20],[23,33,24,32],[31,12,32,13],[19,30,20,31],[11,47,12,46],[9,49,10,48],[7,39,8,38],[1,45,2,44],[49,37,0,36],[47,11,48,10],[45,9,46,8],[43,3,44,2],[37,1,38,0],[15,24,16,25],[18,30,19,29],[39,7,40,6],[42,3,43,4],[14,28,15,27],[13,28,14,29],[25,16,26,17],[26,18,27,17],[41,5,42,4],[40,5,41,6],[33,23,34,22],[34,21,35,22]]
[[19,15,20,14],[15,19,16,18],[17,12,18,13],[13,16,14,17],[11,31,12,30],[7,35,8,34],[5,25,6,24],[1,29,2,28],[35,21,0,20],[31,11,32,10],[29,7,30,6],[25,5,26,4],[21,1,22,0],[22,24,23,23],[9,33,10,32],[8,33,9,34],[3,27,4,26],[2,27,3,28]]
[[21,15,22,14],[17,21,18,20],[19,12,20,13],[13,18,14,19],[11,37,12,36],[9,39,10,38],[5,33,6,32],[1,35,2,34],[39,23,40,22],[37,11,38,10],[35,9,36,8],[33,5,34,4],[31,1,32,0],[40,23,41,24],[43,29,44,28],[46,29,47,30],[47,31,0,30],[16,15,17,16],[41,43,42,42],[2,8,3,7],[3,6,4,7],[27,45,28,44],[24,45,25,46],[26,26,27,25]]
[[23,13,24,12],[13,23,14,22],[21,8,22,9],[11,16,12,17],[7,31,8,30],[5,33,6,32],[3,27,4,26],[1,29,2,28],[33,25,0,24],[31,7,32,6],[29,5,30,4],[27,3,28,2],[25,1,26,0],[10,18,11,17],[9,20,10,21],[19,15,20,14],[18,15,19,16]]
[[27,15,28,14],[19,23,20,22],[21,12,22,13],[13,20,14,21],[11,37,12,36],[7,41,8,40],[5,31,6,30],[3,35,4,34],[43,29,0,28],[37,11,38,10],[35,7,36,6],[33,5,34,4],[29,1,30,0],[39,9,40,8],[38,9,39,10],[23,19,24,18],[26,15,27,16],[17,25,18,24],[16,25,17,26],[31,33,32,32],[41,3,42,2],[42,1,43,2]]
[[17,13,18,12],[13,17,14,16],[15,10,16,11],[11,14,12,15],[9,25,10,24],[5,29,6,28],[3,21,4,20],[1,23,2,22],[29,19,0,18],[25,9,26,8],[23,5,24,4],[21,3,22,2],[19,1,20,0],[7,27,8,26],[6,27,7,28]]
[[31,19,32,18],[21,29,22,28],[27,12,28,13],[17,26,18,27],[11,43,12,42],[9,45,10,44],[7,35,8,34],[1,41,2,40],[45,33,0,32],[43,11,44,10],[41,9,42,8],[37,5,38,4],[33,1,34,0],[13,22,14,23],[14,24,15,23],[35,7,36,6],[36,5,37,6],[19,31,20,30],[20,29,21,30],[25,16,26,17],[24,16,25,15],[3,39,4,38],[2,39,3,40]]
[[35,29,36,28],[29,33,30,32],[31,24,32,25],[25,30,26,31],[23,45,24,44],[15,51,16,50],[13,41,14,40],[1,43,2,42],[51,37,0,36],[49,17,50,16],[43,15,44,14],[41,13,42,12],[37,1,38,0],[17,49,18,48],[20,45,21,46],[38,39,39,40],[22,22,23,21],[2,8,3,7],[3,8,4,9],[4,10,5,9],[19,47,20,46],[18,47,19,48],[5,10,6,11],[6,12,7,11],[26,33,27,34],[27,35,28,34]]
[[25,17,26,16],[17,23,18,22],[21,14,22,15],[15,18,16,19],[13,37,14,36],[7,49,8,48],[5,29,6,28],[1,33,2,32],[49,27,0,26],[47,9,48,8],[35,7,36,6],[29,5,30,4],[27,1,28,0],[33,34,34,35],[3,31,4,30],[2,31,3,32],[9,47,10,46],[10,39,11,40],[20,20,21,19],[43,42,44,43],[41,45,42,44],[40,45,41,46],[24,24,25,23],[11,39,12,38],[12,37,13,38]]
[[21,15,22,14],[15,21,16,20],[17,12,18,13],[13,16,14,17],[11,31,12,30],[7,35,8,34],[3,25,4,24],[1,27,2,26],[35,23,0,22],[31,9,32,8],[27,5,28,4],[25,3,26,2],[23,1,24,0],[10,29,11,30],[9,29,10,28],[6,33,7,34],[5,33,6,32],[18,20,19,19]]
[[19,11,20,10],[13,17,14,16],[15,8,16,9],[9,14,10,15],[7,29,8,28],[5,31,6,30],[3,25,4,24],[1,27,2,26],[35,23,0,22],[29,7,30,6],[27,5,28,4],[25,3,26,2],[23,1,24,0],[17,13,18,12],[18,11,19,12],[20,31,21,32],[21,35,22,34],[32,33,33,34]]
[[25,21,26,20],[21,25,22,24],[23,18,24,19],[19,22,20,23],[17,35,18,34],[5,47,6,46],[3,31,4,30],[1,33,2,32],[47,27,0,26],[41,11,42,10],[33,5,34,4],[31,3,32,2],[27,1,28,0],[11,41,12,40],[12,39,13,40],[29,29,30,28],[9,43,10,42],[8,43,9,44],[45,7,46,6],[44,7,45,8],[15,37,16,36],[16,35,17,36],[13,39,14,38],[14,37,15,38]]
[[23,17,24,16],[17,23,18,22],[21,14,22,15],[15,18,16,19],[13,33,14,32],[11,35,12,34],[5,27,6,26],[1,29,2,28],[35,25,0,24],[33,13,34,12],[31,11,32,10],[27,5,28,4],[25,1,26,0],[20,20,21,19],[30,9,31,10],[29,9,30,8],[6,4,7,3],[7,2,8,3]]
[[35,27,36,26],[29,33,30,32],[31,24,32,25],[25,30,26,31],[23,43,24,42],[21,45,22,44],[13,39,14,38],[1,41,2,40],[45,37,46,36],[43,23,44,22],[41,21,42,20],[39,13,40,12],[37,1,38,0],[8,20,9,19],[9,14,10,15],[48,50,49,49],[15,4,16,5],[16,6,17,5],[11,3,12,2],[10,3,11,4],[50,48,51,47],[51,46,0,47],[27,35,28,34],[28,33,29,34],[7,18,8,19],[6,18,7,17]]
