[[27,21,28,20],[21,27,22,26],[25,18,26,19],[19,22,20,23],[17,37,18,36],[15,39,16,38],[9,31,10,30],[3,33,4,32],[39,29,40,28],[37,17,38,16],[35,15,36,14],[31,7,32,6],[29,1,30,0],[4,12,5,11],[5,10,6,11],[41,24,0,25],[40,24,41,23],[8,2,9,1],[7,2,8,3],[34,13,35,14],[33,13,34,12]]
[[17,13,18,12],[13,17,14,16],[15,10,16,11],[11,14,12,15],[9,25,10,24],[5,29,6,28],[3,21,4,20],[1,23,2,22],[29,19,0,18],[25,9,26,8],[23,5,24,4],[21,3,22,2],[19,1,20,0],[7,27,8,26],[6,27,7,28]]
[[21,17,22,16],[17,21,18,20],[19,14,20,15],[15,18,16,19],[13,35,14,34],[11,37,12,36],[5,27,6,26],[1,31,2,30],[37,23,0,22],[35,13,36,12],[31,11,32,10],[29,3,30,2],[23,1,24,0],[24,3,25,4],[25,5,26,4],[6,27,7,28],[7,29,8,28],[9,33,10,32],[8,33,9,34]]
[[27,17,28,16],[17,25,18,24],[23,12,24,13],[15,18,16,19],[11,37,12,36],[9,39,10,38],[5,33,6,32],[1,35,2,34],[39,29,0,28],[37,11,38,10],[35,9,36,8],[33,5,34,4],[29,1,30,0],[21,30,22,31],[22,32,23,31],[26,26,27,25],[14,20,15,19],[13,20,14,21],[6,4,7,3],[7,2,8,3]]
[[23,17,24,16],[17,23,18,22],[21,12,22,13],[13,20,14,21],[11,33,12,32],[9,35,10,34],[5,29,6,28],[1,31,2,30],[35,27,0,26],[33,11,34,10],[31,9,32,8],[29,5,30,4],[27,1,28,0],[14,20,15,19],[15,18,16,19],[7,6,8,7],[25,25,26,24],[3,3,4,2]]
[[25,17,26,16],[17,21,18,20],[19,10,20,11],[11,18,12,19],[9,33,10,32],[5,35,6,34],[3,29,4,28],[1,31,2,30],[35,27,0,26],[33,7,34,6],[31,5,32,4],[29,3,30,2],[27,1,28,0],[22,13,23,14],[21,13,22,12],[24,15,25,16],[23,15,24,14],[8,8,9,7]]
[[21,11,22,10],[13,19,14,18],[17,8,18,9],[9,14,10,15],[7,33,8,32],[5,37,6,36],[3,27,4,26],[1,29,2,28],[37,25,0,24],[35,7,36,6],[31,5,32,4],[27,3,28,2],[25,1,26,0],[11,21,12,20],[12,19,13,20],[23,16,24,17],[22,16,23,15],[29,31,30,30],[34,33,35,34]]
[[23,15,24,14],[17,21,18,20],[19,12,20,13],[13,18,14,19],[9,31,10,30],[5,33,6,32],[3,27,4,26],[1,29,2,28],[33,25,34,24],[31,7,32,6],[29,5,30,4],[27,3,28,2],[25,1,26,0],[7,9,8,8],[11,35,12,34],[10,35,11,0],[15,23,16,22],[16,21,17,22]]
[[19,15,20,14],[15,19,16,18],[17,12,18,13],[13,16,14,17],[11,27,12,26],[7,29,8,28],[3,23,4,22],[1,25,2,24],[29,21,0,20],[27,9,28,8],[25,5,26,4],[23,3,24,2],[21,1,22,0],[6,10,7,9],[5,10,6,11]]
[[23,15,24,14],[15,19,16,18],[17,10,18,11],[11,16,12,17],[9,31,10,30],[5,35,6,34],[3,27,4,26],[1,29,2,28],[35,25,0,24],[33,7,34,6],[29,5,30,4],[27,3,28,2],[25,1,26,0],[20,20,21,19],[31,9,32,8],[32,7,33,8],[12,21,13,22],[13,23,14,22]]
[[19,13,20,12],[13,19,14,18],[15,10,16,11],[11,14,12,15],[9,37,10,36],[7,39,8,38],[5,29,6,28],[3,31,4,30],[41,23,0,22],[37,9,38,8],[35,7,36,6],[29,5,30,4],[23,1,24,0],[16,39,17,40],[17,41,18,40],[25,21,26,20],[24,21,25,22],[1,35,2,34],[2,31,3,32],[32,28,33,27],[33,26,34,27]]
[[23,19,24,18],[19,23,20,22],[21,16,22,17],[17,20,18,21],[15,37,16,36],[13,41,14,40],[9,27,10,26],[1,35,2,34],[41,25,0,24],[37,15,38,14],[35,11,36,10],[33,3,34,2],[25,1,26,0],[3,31,4,30],[8,27,9,28],[29,5,30,4],[28,5,29,6],[32,7,33,8],[31,7,32,6],[12,39,13,40],[11,39,12,38]]
[[15,11,16,10],[11,15,12,14],[13,8,14,9],[9,12,10,13],[7,27,8,26],[5,29,6,28],[3,21,4,20],[1,23,2,22],[29,17,30,16],[27,7,28,6],[23,5,24,4],[21,3,22,2],[19,1,20,0],[30,17,31,18],[31,19,0,18],[24,26,25,25]]
[[17,13,18,12],[13,17,14,16],[15,10,16,11],[11,14,12,15],[9,27,10,26],[7,29,8,28],[5,21,6,20],[1,25,2,24],[29,19,30,18],[27,9,28,8],[25,7,26,6],[21,5,22,4],[19,1,20,0],[31,30,0,31],[3,23,4,22],[2,23,3,24]]
[[19,13,20,12],[13,19,14,18],[17,8,18,9],[11,14,12,15],[7,27,8,26],[5,29,6,28],[3,23,4,22],[1,25,2,24],[29,21,0,20],[27,7,28,6],[25,5,26,4],[23,3,24,2],[21,1,22,0],[16,10,17,9],[15,10,16,11]]
[[21,17,22,16],[17,21,18,20],[19,14,20,15],[15,18,16,19],[13,29,14,28],[9,33,10,32],[7,25,8,24],[3,27,4,26],[33,23,0,22],[31,11,32,10],[27,9,28,8],[25,5,26,4],[23,1,24,0],[29,13,30,12],[30,11,31,12],[2,6,3,5],[1,6,2,7]]
