[[18,2,19,1],[3,28,4,29],[5,17,6,16],[24,7,25,8],[9,32,10,33],[11,21,12,20],[34,14,1,13],[15,7,16,6],[30,18,31,17],[19,23,20,22],[21,13,22,12],[26,23,27,24],[8,25,9,26],[27,2,28,3],[29,4,30,5],[14,32,15,31],[33,10,34,11]]
[[8,2,9,1],[26,4,27,3],[28,6,29,5],[32,8,33,7],[9,12,10,13],[11,21,12,20],[13,34,14,1],[15,30,16,31],[17,24,18,25],[19,22,20,23],[21,11,22,10],[23,18,24,19],[2,26,3,25],[4,28,5,27],[29,16,30,17],[6,32,7,31],[33,14,34,15]]
[[24,2,25,1],[3,30,4,31],[16,6,17,5],[7,27,8,26],[18,10,19,9],[20,12,21,11],[22,14,23,13],[15,33,16,32],[6,18,7,17],[10,20,11,19],[12,22,13,21],[34,24,1,23],[25,29,26,28],[27,9,28,8],[29,2,30,3],[31,4,32,5],[33,15,34,14]]
[[10,2,11,1],[3,17,4,16],[5,33,6,32],[7,29,8,28],[34,10,1,9],[11,15,12,14],[13,21,14,20],[24,15,25,16],[17,5,18,4],[19,13,20,12],[30,21,31,22],[18,23,19,24],[2,26,3,25],[27,9,28,8],[29,7,30,6],[22,31,23,32],[33,26,34,27]]
[[8,2,9,1],[24,4,25,3],[32,6,33,5],[34,8,1,7],[9,13,10,12],[11,27,12,26],[2,14,3,13],[15,18,16,19],[17,22,18,23],[30,20,31,19],[21,16,22,17],[28,24,29,23],[25,11,26,10],[4,28,5,27],[20,30,21,29],[14,32,15,31],[6,34,7,33]]
[[18,2,19,1],[30,4,31,3],[5,17,6,16],[7,25,8,24],[9,27,10,26],[34,12,1,11],[13,7,14,6],[22,15,23,16],[32,18,33,17],[19,29,20,28],[14,21,15,22],[20,23,21,24],[25,11,26,10],[27,9,28,8],[2,30,3,29],[4,32,5,31],[12,34,13,33]]
[[24,2,25,1],[3,7,4,6],[5,13,6,12],[22,8,23,7],[18,10,19,9],[11,5,12,4],[20,14,21,13],[30,16,31,15],[34,18,1,17],[10,20,11,19],[2,22,3,21],[8,24,9,23],[25,29,26,28],[27,33,28,32],[14,30,15,29],[31,27,32,26],[16,34,17,33]]
[[22,2,23,1],[3,28,4,29],[14,6,15,5],[7,17,8,16],[9,19,10,18],[11,21,12,20],[4,14,5,13],[15,33,16,32],[17,9,18,8],[19,11,20,10],[34,22,1,21],[23,27,24,26],[25,31,26,30],[27,2,28,3],[29,25,30,24],[31,13,32,12],[6,34,7,33]]
[[12,2,13,1],[24,4,25,3],[32,6,33,5],[7,20,8,21],[30,10,31,9],[34,12,1,11],[13,17,14,16],[15,27,16,26],[2,18,3,17],[19,22,20,23],[21,8,22,9],[28,24,29,23],[25,15,26,14],[4,28,5,27],[18,30,19,29],[6,32,7,31],[10,34,11,33]]
[[14,2,15,1],[20,4,21,3],[5,11,6,10],[24,8,25,7],[30,10,31,9],[11,29,12,28],[34,14,1,13],[15,19,16,18],[17,23,18,22],[2,20,3,19],[21,17,22,16],[26,24,27,23],[8,26,9,25],[27,32,28,33],[4,29,5,30],[31,6,32,7],[12,34,13,33]]
[[22,2,23,1],[28,4,29,3],[32,6,33,5],[12,8,13,7],[9,17,10,16],[34,12,1,11],[13,18,14,19],[15,20,16,21],[17,9,18,8],[19,14,20,15],[6,22,7,21],[23,27,24,26],[25,31,26,30],[2,28,3,27],[29,25,30,24],[4,32,5,31],[10,34,11,33]]
[[22,2,23,1],[16,3,17,4],[5,25,6,24],[14,7,15,8],[9,31,10,30],[20,11,21,12],[13,1,14,34],[4,15,5,16],[28,18,29,17],[10,19,11,20],[32,22,33,21],[23,27,24,26],[25,7,26,6],[2,28,3,27],[29,9,30,8],[18,32,19,31],[33,13,34,12]]
[[20,2,21,1],[3,12,4,13],[28,6,29,5],[7,17,8,16],[9,2,10,3],[18,12,19,11],[13,33,14,32],[15,27,16,26],[34,18,1,17],[10,20,11,19],[21,9,22,8],[30,23,31,24],[22,25,23,26],[6,28,7,27],[29,15,30,14],[24,31,25,32],[33,4,34,5]]
[[14,2,15,1],[26,4,27,3],[32,6,33,5],[7,17,8,16],[34,10,1,9],[28,12,29,11],[20,14,21,13],[15,19,16,18],[17,9,18,8],[2,20,3,19],[21,24,22,25],[23,30,24,31],[12,26,13,25],[4,28,5,27],[29,22,30,23],[10,32,11,31],[6,34,7,33]]
[[24,2,25,1],[14,4,15,3],[18,6,19,5],[20,8,21,7],[9,34,10,1],[11,32,12,33],[22,14,23,13],[15,27,16,26],[4,18,5,17],[6,20,7,19],[8,22,9,21],[30,24,31,23],[25,29,26,28],[27,17,28,16],[2,30,3,29],[31,12,32,13],[33,10,34,11]]
[[26,2,27,1],[20,4,21,3],[5,32,6,33],[7,25,8,24],[9,18,10,19],[11,17,12,16],[13,29,14,28],[15,13,16,12],[17,22,18,23],[4,20,5,19],[21,10,22,11],[23,9,24,8],[34,26,1,25],[27,31,28,30],[29,15,30,14],[31,2,32,3],[33,6,34,7]]
[[20,2,21,1],[16,4,17,3],[28,6,29,5],[7,15,8,14],[18,9,19,10],[11,33,12,32],[13,27,14,26],[34,16,1,15],[10,17,11,18],[2,20,3,19],[21,9,22,8],[30,23,31,24],[22,25,23,26],[6,28,7,27],[29,13,30,12],[24,31,25,32],[4,34,5,33]]
[[16,2,17,1],[3,26,4,27],[5,28,6,29],[7,30,8,31],[9,22,10,23],[11,34,12,1],[13,20,14,21],[32,16,33,15],[17,25,18,24],[19,10,20,11],[21,14,22,15],[23,19,24,18],[25,2,26,3],[27,4,28,5],[29,6,30,7],[31,8,32,9],[33,12,34,13]]
[[8,2,9,1],[3,30,4,31],[22,6,23,5],[24,8,25,7],[9,15,10,14],[18,12,19,11],[26,14,27,13],[15,21,16,20],[32,17,33,18],[10,20,11,19],[2,22,3,21],[6,24,7,23],[25,1,26,34],[12,28,13,27],[29,4,30,5],[16,31,17,32],[33,29,34,28]]
[[26,2,27,1],[3,23,4,22],[14,5,15,6],[7,21,8,20],[24,10,25,9],[11,1,12,34],[16,13,17,14],[6,15,7,16],[17,29,18,28],[19,13,20,12],[21,5,22,4],[32,24,33,23],[10,26,11,25],[27,31,28,30],[29,19,30,18],[2,32,3,31],[33,9,34,8]]
[[10,2,11,1],[3,17,4,16],[18,6,19,5],[7,21,8,20],[22,10,23,9],[11,25,12,24],[13,26,14,27],[15,13,16,12],[28,18,29,17],[19,31,20,30],[32,22,33,21],[23,1,24,34],[25,14,26,15],[2,28,3,27],[29,5,30,4],[6,32,7,31],[33,9,34,8]]
[[20,2,21,1],[26,4,27,3],[5,15,6,14],[18,8,19,7],[32,10,33,9],[11,5,12,4],[28,14,29,13],[15,11,16,10],[8,18,9,17],[34,20,1,19],[21,25,22,24],[23,31,24,30],[2,26,3,25],[12,28,13,27],[29,23,30,22],[6,32,7,31],[16,34,17,33]]
[[22,2,23,1],[3,15,4,14],[5,17,6,16],[28,8,29,7],[9,19,10,18],[32,12,33,11],[13,3,14,2],[15,5,16,4],[17,9,18,8],[19,13,20,12],[34,22,1,21],[23,27,24,26],[25,31,26,30],[6,28,7,27],[29,25,30,24],[10,32,11,31],[20,34,21,33]]
[[14,2,15,1],[3,27,4,26],[5,29,6,28],[7,31,8,30],[32,10,33,9],[11,23,12,22],[34,14,1,13],[15,25,16,24],[17,8,18,9],[2,19,3,20],[21,17,22,16],[23,13,24,12],[25,20,26,21],[27,5,28,4],[29,7,30,6],[18,31,19,32],[10,34,11,33]]
[[12,2,13,1],[18,4,19,3],[30,6,31,5],[7,25,8,24],[32,10,33,9],[34,12,1,11],[13,17,14,16],[15,21,16,20],[2,18,3,17],[19,15,20,14],[21,26,22,27],[23,28,24,29],[25,7,26,6],[27,22,28,23],[8,30,9,29],[4,32,5,31],[10,34,11,33]]
[[10,2,11,1],[30,4,31,3],[5,17,6,16],[7,23,8,22],[34,10,1,9],[11,15,12,14],[13,21,14,20],[28,15,29,16],[17,7,18,6],[19,13,20,12],[26,21,27,22],[23,32,24,33],[25,9,26,8],[18,27,19,28],[4,30,5,29],[2,32,3,31],[33,24,34,25]]
[[26,2,27,1],[6,4,7,3],[12,6,13,5],[7,16,8,17],[24,10,25,9],[4,12,5,11],[13,32,14,33],[15,10,16,11],[17,23,18,22],[19,29,20,28],[21,19,22,18],[8,24,9,23],[34,26,1,25],[27,31,28,30],[29,21,30,20],[31,2,32,3],[33,14,34,15]]
[[26,2,27,1],[14,4,15,3],[18,6,19,5],[20,8,21,7],[22,10,23,9],[11,34,12,1],[24,14,25,13],[15,29,16,28],[4,18,5,17],[6,20,7,19],[8,22,9,21],[10,24,11,23],[32,26,33,25],[27,31,28,30],[29,17,30,16],[2,32,3,31],[33,12,34,13]]
[[24,2,25,1],[3,15,4,14],[32,6,33,5],[22,8,23,7],[9,1,10,34],[16,11,17,12],[30,13,31,14],[15,5,16,4],[17,27,18,26],[19,11,20,10],[6,22,7,21],[8,24,9,23],[25,29,26,28],[27,19,28,18],[12,29,13,30],[2,32,3,31],[33,21,34,20]]
[[24,2,25,1],[30,4,31,3],[16,6,17,5],[7,27,8,26],[9,18,10,19],[34,12,1,11],[22,13,23,14],[15,20,16,21],[6,18,7,17],[19,10,20,11],[32,22,33,21],[12,23,13,24],[25,29,26,28],[27,9,28,8],[2,30,3,29],[4,32,5,31],[14,34,15,33]]
[[12,2,13,1],[24,4,25,3],[32,6,33,5],[28,8,29,7],[18,10,19,9],[34,12,1,11],[13,17,14,16],[15,27,16,26],[2,18,3,17],[19,22,20,23],[21,30,22,31],[8,24,9,23],[25,15,26,14],[4,28,5,27],[29,20,30,21],[6,32,7,31],[10,34,11,33]]
[[28,2,29,1],[3,10,4,11],[5,22,6,23],[7,20,8,21],[9,14,10,15],[26,12,27,11],[13,4,14,5],[18,16,19,15],[34,18,1,17],[19,8,20,9],[21,6,22,7],[23,30,24,31],[12,26,13,25],[2,28,3,27],[29,32,30,33],[31,24,32,25],[16,34,17,33]]
[[12,2,13,1],[3,11,4,10],[32,6,33,5],[7,27,8,26],[16,9,17,10],[22,12,23,11],[13,21,14,20],[8,15,9,16],[14,17,15,18],[19,29,20,28],[2,22,3,21],[30,24,31,23],[25,5,26,4],[27,19,28,18],[34,30,1,29],[24,32,25,31],[6,34,7,33]]
[[24,2,25,1],[14,3,15,4],[20,5,21,6],[30,7,31,8],[16,9,17,10],[2,11,3,12],[13,27,14,26],[10,15,11,16],[17,23,18,22],[6,19,7,20],[21,33,22,32],[8,23,9,24],[25,28,26,29],[27,13,28,12],[34,30,1,29],[31,19,32,18],[4,33,5,34]]
[[24,2,25,1],[3,10,4,11],[5,3,6,2],[22,7,23,8],[9,4,10,5],[11,7,12,6],[20,14,21,13],[34,15,1,16],[30,17,31,18],[14,20,15,19],[12,22,13,21],[8,23,9,24],[25,29,26,28],[27,33,28,32],[18,29,19,30],[31,27,32,26],[16,33,17,34]]
[[20,2,21,1],[12,3,13,4],[28,5,29,6],[14,7,15,8],[2,9,3,10],[11,23,12,22],[8,13,9,14],[15,19,16,18],[17,31,18,30],[6,19,7,20],[21,24,22,25],[23,11,24,10],[34,26,1,25],[32,28,33,27],[29,17,30,16],[4,31,5,32],[26,34,27,33]]
[[12,2,13,1],[3,20,4,21],[5,18,6,19],[30,8,31,7],[32,10,33,9],[34,12,1,11],[13,16,14,17],[15,25,16,24],[17,4,18,5],[19,6,20,7],[21,28,22,29],[23,26,24,27],[25,15,26,14],[27,22,28,23],[2,30,3,29],[8,32,9,31],[10,34,11,33]]
[[12,2,13,1],[24,4,25,3],[5,20,6,21],[30,8,31,7],[32,10,33,9],[34,12,1,11],[13,17,14,16],[15,27,16,26],[2,18,3,17],[19,22,20,23],[21,6,22,7],[28,24,29,23],[25,15,26,14],[4,28,5,27],[18,30,19,29],[8,32,9,31],[10,34,11,33]]
[[12,2,13,1],[3,22,4,23],[5,33,6,32],[7,29,8,28],[26,10,27,9],[34,12,1,11],[13,21,14,20],[30,16,31,15],[8,18,9,17],[19,11,20,10],[21,2,22,3],[23,4,24,5],[25,19,26,18],[16,28,17,27],[29,7,30,6],[14,32,15,31],[33,24,34,25]]
[[10,2,11,1],[8,4,9,3],[5,24,6,25],[32,8,33,7],[2,10,3,9],[11,14,12,15],[13,18,14,19],[34,16,1,15],[17,12,18,13],[19,22,20,23],[21,28,22,29],[23,6,24,7],[25,30,26,31],[27,20,28,21],[29,26,30,27],[4,32,5,31],[16,34,17,33]]
[[4,2,5,1],[18,3,19,4],[5,9,6,8],[7,15,8,14],[30,9,31,10],[11,23,12,22],[13,7,14,6],[28,15,29,16],[17,32,18,33],[2,19,3,20],[21,11,22,10],[23,17,24,16],[25,34,26,1],[27,25,28,24],[12,29,13,30],[20,32,21,31],[33,26,34,27]]
[[14,2,15,1],[20,4,21,3],[12,6,13,5],[32,8,33,7],[9,27,10,26],[34,12,1,11],[4,14,5,13],[15,19,16,18],[17,23,18,22],[2,20,3,19],[21,17,22,16],[23,28,24,29],[25,30,26,31],[27,9,28,8],[29,24,30,25],[10,32,11,31],[6,34,7,33]]
[[26,2,27,1],[3,17,4,16],[12,6,13,5],[7,29,8,28],[20,9,21,10],[18,11,19,12],[32,14,33,13],[24,15,25,16],[17,1,18,34],[10,19,11,20],[6,21,7,22],[14,23,15,24],[2,26,3,25],[27,31,28,30],[29,9,30,8],[22,31,23,32],[33,4,34,5]]
[[26,2,27,1],[18,3,19,4],[20,5,21,6],[22,7,23,8],[24,9,25,10],[32,12,33,11],[34,14,1,13],[2,15,3,16],[17,29,18,28],[4,19,5,20],[6,21,7,22],[8,23,9,24],[14,25,15,26],[27,30,28,31],[29,17,30,16],[10,32,11,31],[12,34,13,33]]
[[20,2,21,1],[3,13,4,12],[5,27,6,26],[7,17,8,16],[9,19,10,18],[11,33,12,32],[13,28,14,29],[15,7,16,6],[17,9,18,8],[34,20,1,19],[21,11,22,10],[30,23,31,24],[22,25,23,26],[27,14,28,15],[29,5,30,4],[24,31,25,32],[2,34,3,33]]
[[14,2,15,1],[3,13,4,12],[5,17,6,16],[28,7,29,8],[32,9,33,10],[11,5,12,4],[24,14,25,13],[15,23,16,22],[17,7,18,6],[19,30,20,31],[21,26,22,27],[23,2,24,3],[34,25,1,26],[27,18,28,19],[8,29,9,30],[31,20,32,21],[10,33,11,34]]
[[20,2,21,1],[3,26,4,27],[5,10,6,11],[16,8,17,7],[9,34,10,1],[18,12,19,11],[28,14,29,13],[8,16,9,15],[32,18,33,17],[4,20,5,19],[21,25,22,24],[23,31,24,30],[25,2,26,3],[12,28,13,27],[29,23,30,22],[14,32,15,31],[33,6,34,7]]
[[10,2,11,1],[24,4,25,3],[5,23,6,22],[28,7,29,8],[2,10,3,9],[11,15,12,14],[13,31,14,30],[8,15,9,16],[17,26,18,27],[19,17,20,16],[32,21,33,22],[23,34,24,1],[25,18,26,19],[27,21,28,20],[29,13,30,12],[6,31,7,32],[33,4,34,5]]
[[10,2,11,1],[3,26,4,27],[22,6,23,5],[7,28,8,29],[32,10,33,9],[11,14,12,15],[13,18,14,19],[34,16,1,15],[17,12,18,13],[24,20,25,19],[6,22,7,21],[30,24,31,23],[25,8,26,9],[27,4,28,5],[20,30,21,29],[2,32,3,31],[16,34,17,33]]
[[26,2,27,1],[3,25,4,24],[5,33,6,32],[16,7,17,8],[18,9,19,10],[2,12,3,11],[13,1,14,34],[6,15,7,16],[8,17,9,18],[14,19,15,20],[21,5,22,4],[30,23,31,24],[12,26,13,25],[27,11,28,10],[22,29,23,30],[28,31,29,32],[33,21,34,20]]
[[26,2,27,1],[22,4,23,3],[14,6,15,5],[18,8,19,7],[28,10,29,9],[4,12,5,11],[13,20,14,21],[8,16,9,15],[34,18,1,17],[6,20,7,19],[21,12,22,13],[23,30,24,31],[2,26,3,25],[27,32,28,33],[10,30,11,29],[31,24,32,25],[16,34,17,33]]
[[20,2,21,1],[18,3,19,4],[12,6,13,5],[7,28,8,29],[9,32,10,33],[11,30,12,31],[4,14,5,13],[2,15,3,16],[17,23,18,22],[14,19,15,20],[21,24,22,25],[23,17,24,16],[34,26,1,25],[27,8,28,9],[29,6,30,7],[31,10,32,11],[26,34,27,33]]
[[28,2,29,1],[3,33,4,32],[5,16,6,17],[7,14,8,15],[20,9,21,10],[11,2,12,3],[13,27,14,26],[15,6,16,7],[24,18,25,17],[30,20,31,19],[10,21,11,22],[18,24,19,23],[25,4,26,5],[34,28,1,27],[29,9,30,8],[22,32,23,31],[33,12,34,13]]
[[30,2,31,1],[3,29,4,28],[16,5,17,6],[7,1,8,34],[9,6,10,7],[2,11,3,12],[20,13,21,14],[26,15,27,16],[4,17,5,18],[12,19,13,20],[14,21,15,22],[23,33,24,32],[25,22,26,23],[18,27,19,28],[10,29,11,30],[31,25,32,24],[33,9,34,8]]
[[28,2,29,1],[14,4,15,3],[12,6,13,5],[34,8,1,7],[9,20,10,21],[11,24,12,25],[4,14,5,13],[15,30,16,31],[2,18,3,17],[19,10,20,11],[26,22,27,21],[23,8,24,9],[18,26,19,25],[22,28,23,27],[29,32,30,33],[31,16,32,17],[6,34,7,33]]
[[18,2,19,1],[30,4,31,3],[32,6,33,5],[7,26,8,27],[14,10,15,9],[11,21,12,20],[34,14,1,13],[6,16,7,15],[24,18,25,17],[19,23,20,22],[21,13,22,12],[2,24,3,23],[25,28,26,29],[27,8,28,9],[16,30,17,29],[4,32,5,31],[10,34,11,33]]
[[20,2,21,1],[30,4,31,3],[14,6,15,5],[7,11,8,10],[9,26,10,27],[34,12,1,11],[13,18,14,19],[24,16,25,15],[6,18,7,17],[32,20,33,19],[21,29,22,28],[16,24,17,23],[22,25,23,26],[27,8,28,9],[2,30,3,29],[4,32,5,31],[12,34,13,33]]
[[24,2,25,1],[30,4,31,3],[5,17,6,16],[12,8,13,7],[9,27,10,26],[34,12,1,11],[18,13,19,14],[22,15,23,16],[17,7,18,6],[32,19,33,20],[14,21,15,22],[4,24,5,23],[25,29,26,28],[27,11,28,10],[2,30,3,29],[20,31,21,32],[8,34,9,33]]
[[12,2,13,1],[3,19,4,18],[10,5,11,6],[7,1,8,34],[26,9,27,10],[30,12,31,11],[13,17,14,16],[15,23,16,22],[28,17,29,18],[19,5,20,4],[21,15,22,14],[8,23,9,24],[25,33,26,32],[20,27,21,28],[2,30,3,29],[31,7,32,6],[33,25,34,24]]
[[28,2,29,1],[18,4,19,3],[5,24,6,25],[10,8,11,7],[34,10,1,9],[11,22,12,23],[13,30,14,31],[20,16,21,15],[4,18,5,17],[26,20,27,19],[21,12,22,13],[23,6,24,7],[16,26,17,25],[2,28,3,27],[29,32,30,33],[31,14,32,15],[8,34,9,33]]
[[18,2,19,1],[3,13,4,12],[5,27,6,26],[34,7,1,8],[30,9,31,10],[16,11,17,12],[13,7,14,6],[28,15,29,16],[2,18,3,17],[19,23,20,22],[21,33,22,32],[10,23,11,24],[14,25,15,26],[27,5,28,4],[24,29,25,30],[31,21,32,20],[8,33,9,34]]
[[24,2,25,1],[30,4,31,3],[5,19,6,18],[12,8,13,7],[9,27,10,26],[34,12,1,11],[20,13,21,14],[32,15,33,16],[22,17,23,18],[19,7,20,6],[14,21,15,22],[4,24,5,23],[25,29,26,28],[27,11,28,10],[2,30,3,29],[16,31,17,32],[8,34,9,33]]
[[16,2,17,1],[10,3,11,4],[5,27,6,26],[2,7,3,8],[9,19,10,18],[6,11,7,12],[13,31,14,30],[22,15,23,16],[17,20,18,21],[19,9,20,8],[34,22,1,21],[14,23,15,24],[32,25,33,26],[27,5,28,4],[24,29,25,30],[31,13,32,12],[28,33,29,34]]
[[26,2,27,1],[18,3,19,4],[32,6,33,5],[7,21,8,20],[9,17,10,16],[11,29,12,28],[22,13,23,14],[15,11,16,10],[17,9,18,8],[4,19,5,20],[24,21,25,22],[14,23,15,24],[34,26,1,25],[27,31,28,30],[29,13,30,12],[2,32,3,31],[6,34,7,33]]
[[8,2,9,1],[3,28,4,29],[16,6,17,5],[34,8,1,7],[9,15,10,14],[11,21,12,20],[13,23,14,22],[2,16,3,15],[26,18,27,17],[19,11,20,10],[21,13,22,12],[30,24,31,23],[32,26,33,25],[27,4,28,5],[18,30,19,29],[24,32,25,31],[6,34,7,33]]
[[24,2,25,1],[16,3,17,4],[5,9,6,8],[7,33,8,32],[18,9,19,10],[22,11,23,12],[2,13,3,14],[15,27,16,26],[10,17,11,18],[4,19,5,20],[30,21,31,22],[12,23,13,24],[25,28,26,29],[27,15,28,14],[34,30,1,29],[31,7,32,6],[20,33,21,34]]
[[24,2,25,1],[3,13,4,12],[5,15,6,14],[7,19,8,18],[9,23,10,22],[11,31,12,30],[13,5,14,4],[15,32,16,33],[17,7,18,6],[19,9,20,8],[28,22,29,21],[34,24,1,23],[25,11,26,10],[20,28,21,27],[26,30,27,29],[31,2,32,3],[33,16,34,17]]
[[18,2,19,1],[3,30,4,31],[5,25,6,24],[7,13,8,12],[32,10,33,9],[11,27,12,26],[13,7,14,6],[22,16,23,15],[34,18,1,17],[19,29,20,28],[14,22,15,21],[20,24,21,23],[25,9,26,8],[27,17,28,16],[29,2,30,3],[31,4,32,5],[10,34,11,33]]
[[28,2,29,1],[3,33,4,32],[5,13,6,12],[34,8,1,7],[9,3,10,2],[30,11,31,12],[13,22,14,23],[15,24,16,25],[17,7,18,6],[10,20,11,19],[21,4,22,5],[23,14,24,15],[25,16,26,17],[8,27,9,28],[29,19,30,18],[20,32,21,31],[33,27,34,26]]
[[10,2,11,1],[3,18,4,19],[26,5,27,6],[24,7,25,8],[34,10,1,9],[11,17,12,16],[13,21,14,20],[15,31,16,30],[17,2,18,3],[19,13,20,12],[28,22,29,21],[32,24,33,23],[6,25,7,26],[4,27,5,28],[29,15,30,14],[22,32,23,31],[8,34,9,33]]
[[8,2,9,1],[3,16,4,17],[5,24,6,25],[34,8,1,7],[9,15,10,14],[11,19,12,18],[13,29,14,28],[15,2,16,3],[17,11,18,10],[26,20,27,19],[30,22,31,21],[23,6,24,7],[32,26,33,25],[27,13,28,12],[20,30,21,29],[22,32,23,31],[4,34,5,33]]
[[24,2,25,1],[3,21,4,20],[5,23,6,22],[7,11,8,10],[9,18,10,19],[2,12,3,11],[34,13,1,14],[30,15,31,16],[17,7,18,6],[19,8,20,9],[21,5,22,4],[12,24,13,23],[25,29,26,28],[27,33,28,32],[16,29,17,30],[31,27,32,26],[14,33,15,34]]
[[12,2,13,1],[18,3,19,4],[5,15,6,14],[22,8,23,7],[26,9,27,10],[30,11,31,12],[13,17,14,16],[15,7,16,6],[20,18,21,17],[2,19,3,20],[4,22,5,21],[28,24,29,23],[25,33,26,32],[8,27,9,28],[34,30,1,29],[10,31,11,32],[33,25,34,24]]
[[26,2,27,1],[3,25,4,24],[5,21,6,20],[7,33,8,32],[16,9,17,10],[2,12,3,11],[13,1,14,34],[8,15,9,16],[14,17,15,18],[19,7,20,6],[21,5,22,4],[30,23,31,24],[12,26,13,25],[27,11,28,10],[22,29,23,30],[28,31,29,32],[33,19,34,18]]
[[26,2,27,1],[3,13,4,12],[5,17,6,16],[7,15,8,14],[9,25,10,24],[20,11,21,12],[13,5,14,4],[15,7,16,6],[17,32,18,33],[8,19,9,20],[21,29,22,28],[23,11,24,10],[34,26,1,25],[27,31,28,30],[29,23,30,22],[31,2,32,3],[33,18,34,19]]
[[20,2,21,1],[18,4,19,3],[5,10,6,11],[32,8,33,7],[9,16,10,17],[11,4,12,5],[13,8,14,9],[30,16,31,15],[17,12,18,13],[2,20,3,19],[21,24,22,25],[23,28,24,29],[34,26,1,25],[27,22,28,23],[6,30,7,29],[14,32,15,31],[26,34,27,33]]
[[12,2,13,1],[10,4,11,3],[30,6,31,5],[24,8,25,7],[32,10,33,9],[2,12,3,11],[13,16,14,17],[15,20,16,21],[17,34,18,1],[19,14,20,15],[21,26,22,27],[8,24,9,23],[25,28,26,29],[27,22,28,23],[6,30,7,29],[4,32,5,31],[33,18,34,19]]
[[10,2,11,1],[26,4,27,3],[5,17,6,16],[32,7,33,8],[28,10,29,9],[11,15,12,14],[13,21,14,20],[24,15,25,16],[17,7,18,6],[19,13,20,12],[21,31,22,30],[18,23,19,24],[4,26,5,25],[2,28,3,27],[34,29,1,30],[31,23,32,22],[8,33,9,34]]
[[18,2,19,1],[26,3,27,4],[14,6,15,5],[7,30,8,31],[9,32,10,33],[11,21,12,20],[34,14,1,13],[15,24,16,25],[4,18,5,17],[19,23,20,22],[21,13,22,12],[23,28,24,29],[25,16,26,17],[2,27,3,28],[29,6,30,7],[31,8,32,9],[33,10,34,11]]
[[24,2,25,1],[3,31,4,30],[5,33,6,32],[7,23,8,22],[9,21,10,20],[16,11,17,12],[13,2,14,3],[6,15,7,16],[17,27,18,26],[19,9,20,8],[21,11,22,10],[34,24,1,23],[25,29,26,28],[27,19,28,18],[12,29,13,30],[31,5,32,4],[33,14,34,15]]
[[20,2,21,1],[3,28,4,29],[5,14,6,15],[18,7,19,8],[9,25,10,24],[34,12,1,11],[13,31,14,30],[22,15,23,16],[32,18,33,17],[12,19,13,20],[21,27,22,26],[16,23,17,24],[25,11,26,10],[27,2,28,3],[29,4,30,5],[31,7,32,6],[8,34,9,33]]
[[30,2,31,1],[3,18,4,19],[26,6,27,5],[7,33,8,32],[9,20,10,21],[11,4,12,5],[34,13,1,14],[15,25,16,24],[17,12,18,13],[19,28,20,29],[21,6,22,7],[23,17,24,16],[25,22,26,23],[10,28,11,27],[2,30,3,29],[31,9,32,8],[14,33,15,34]]
[[24,2,25,1],[12,4,13,3],[16,6,17,5],[18,8,19,7],[9,34,10,1],[20,12,21,11],[13,27,14,26],[4,16,5,15],[6,18,7,17],[8,20,9,19],[30,22,31,21],[32,24,33,23],[25,29,26,28],[27,15,28,14],[2,30,3,29],[22,32,23,31],[33,10,34,11]]
[[10,2,11,1],[3,16,4,17],[5,26,6,27],[7,30,8,31],[34,10,1,9],[11,15,12,14],[13,19,14,18],[15,2,16,3],[17,13,18,12],[24,19,25,20],[28,21,29,22],[32,23,33,24],[25,4,26,5],[20,27,21,28],[29,6,30,7],[22,31,23,32],[8,34,9,33]]
[[22,2,23,1],[3,14,4,15],[5,31,6,30],[7,33,8,32],[9,21,10,20],[11,29,12,28],[13,4,14,5],[15,2,16,3],[17,9,18,8],[26,20,27,19],[34,22,1,21],[23,11,24,10],[18,26,19,25],[24,28,25,27],[29,13,30,12],[31,7,32,6],[33,16,34,17]]
[[28,2,29,1],[16,4,17,3],[5,24,6,25],[18,8,19,7],[12,10,13,9],[34,12,1,11],[8,14,9,13],[15,26,16,27],[6,18,7,17],[19,30,20,31],[2,22,3,21],[23,14,24,15],[25,4,26,5],[22,28,23,27],[29,32,30,33],[31,20,32,21],[10,34,11,33]]
[[24,2,25,1],[3,30,4,31],[12,5,13,6],[7,27,8,26],[18,9,19,10],[6,11,7,12],[13,32,14,33],[20,15,21,16],[22,17,23,18],[10,19,11,20],[16,21,17,22],[34,24,1,23],[25,29,26,28],[27,9,28,8],[29,2,30,3],[31,4,32,5],[33,14,34,15]]
[[26,2,27,1],[3,10,4,11],[5,1,6,34],[7,19,8,18],[9,4,10,5],[11,24,12,25],[13,22,14,23],[30,16,31,15],[17,9,18,8],[19,33,20,32],[21,14,22,15],[23,12,24,13],[2,26,3,25],[27,21,28,20],[16,30,17,29],[28,31,29,32],[33,7,34,6]]
[[18,2,19,1],[8,4,9,3],[5,14,6,15],[30,8,31,7],[16,10,17,9],[32,12,33,11],[13,6,14,7],[28,16,29,15],[2,18,3,17],[19,22,20,23],[21,26,22,27],[34,24,1,23],[25,20,26,21],[10,28,11,27],[4,30,5,29],[12,32,13,31],[24,34,25,33]]
[[10,2,11,1],[26,4,27,3],[30,6,31,5],[20,8,21,7],[2,10,3,9],[11,14,12,15],[13,18,14,19],[34,16,1,15],[17,12,18,13],[24,20,25,19],[21,28,22,29],[8,24,9,23],[32,26,33,25],[27,22,28,23],[6,30,7,29],[4,32,5,31],[16,34,17,33]]
[[30,2,31,1],[3,8,4,9],[18,6,19,5],[7,34,8,1],[9,28,10,29],[26,11,27,12],[13,20,14,21],[10,16,11,15],[4,18,5,17],[19,23,20,22],[21,12,22,13],[23,33,24,32],[14,25,15,26],[27,16,28,17],[2,30,3,29],[31,25,32,24],[33,6,34,7]]
[[10,2,11,1],[26,3,27,4],[5,30,6,31],[7,5,8,4],[2,10,3,9],[11,14,12,15],[13,21,14,20],[34,16,1,15],[28,18,29,17],[32,19,33,20],[21,13,22,12],[18,23,19,24],[8,25,9,26],[16,28,17,27],[29,6,30,7],[24,32,25,31],[22,33,23,34]]
[[28,2,29,1],[20,3,21,4],[22,5,23,6],[24,7,25,8],[16,9,17,10],[26,11,27,12],[34,14,1,13],[10,15,11,16],[2,17,3,18],[19,31,20,30],[4,21,5,22],[6,23,7,24],[8,25,9,26],[14,27,15,28],[29,32,30,33],[31,19,32,18],[12,34,13,33]]
[[24,2,25,1],[14,4,15,3],[12,6,13,5],[34,8,1,7],[22,10,23,9],[30,12,31,11],[4,14,5,13],[15,26,16,27],[2,18,3,17],[8,20,9,19],[21,32,22,33],[18,24,19,23],[25,28,26,29],[27,16,28,17],[6,30,7,29],[10,32,11,31],[33,20,34,21]]
[[26,2,27,1],[3,17,4,16],[12,6,13,5],[7,21,8,20],[9,29,10,28],[34,12,1,11],[22,14,23,13],[24,16,25,15],[17,3,18,2],[19,32,20,33],[21,7,22,6],[14,24,15,23],[4,26,5,25],[27,31,28,30],[29,11,30,10],[31,18,32,19],[33,8,34,9]]
[[10,2,11,1],[3,26,4,27],[16,6,17,5],[7,28,8,29],[2,10,3,9],[11,18,12,19],[13,33,14,32],[22,15,23,16],[6,18,7,17],[19,34,20,1],[21,31,22,30],[14,23,15,24],[25,21,26,20],[27,8,28,9],[29,4,30,5],[31,25,32,24],[33,13,34,12]]
[[30,2,31,1],[3,17,4,16],[24,6,25,5],[7,1,8,34],[9,28,10,29],[20,11,21,12],[13,33,14,32],[22,15,23,16],[17,5,18,4],[26,19,27,20],[12,21,13,22],[2,24,3,23],[18,25,19,26],[27,10,28,11],[6,30,7,29],[31,15,32,14],[33,9,34,8]]
[[20,2,21,1],[28,4,29,3],[10,6,11,5],[22,7,23,8],[14,10,15,9],[11,30,12,31],[6,14,7,13],[32,16,33,15],[17,25,18,24],[34,20,1,19],[21,27,22,26],[8,23,9,24],[25,19,26,18],[2,28,3,27],[29,12,30,13],[4,32,5,31],[16,34,17,33]]
[[20,2,21,1],[3,26,4,27],[32,5,33,6],[7,16,8,17],[9,34,10,1],[4,11,5,12],[28,14,29,13],[15,8,16,9],[17,6,18,7],[10,19,11,20],[21,25,22,24],[23,31,24,30],[25,2,26,3],[12,28,13,27],[29,23,30,22],[14,32,15,31],[33,19,34,18]]
[[30,2,31,1],[3,12,4,13],[5,1,6,34],[20,7,21,8],[9,18,10,19],[11,4,12,5],[13,28,14,29],[15,26,16,27],[17,24,18,25],[19,33,20,32],[6,21,7,22],[23,10,24,11],[25,16,26,17],[27,14,28,15],[2,30,3,29],[31,9,32,8],[33,23,34,22]]
[[26,2,27,1],[3,21,4,20],[18,6,19,5],[7,29,8,28],[34,10,1,9],[22,11,23,12],[24,13,25,14],[15,3,16,2],[6,18,7,17],[19,32,20,33],[10,21,11,22],[12,23,13,24],[14,25,15,26],[27,31,28,30],[29,9,30,8],[31,16,32,17],[33,4,34,5]]
[[16,2,17,1],[3,22,4,23],[14,6,15,5],[7,30,8,31],[9,32,10,33],[11,6,12,7],[28,14,29,13],[4,16,5,15],[17,21,18,20],[19,25,20,24],[21,2,22,3],[23,19,24,18],[34,26,1,25],[12,28,13,27],[26,30,27,29],[31,10,32,11],[33,8,34,9]]
[[12,2,13,1],[3,18,4,19],[30,6,31,5],[7,22,8,23],[4,10,5,9],[28,11,29,12],[13,17,14,16],[15,21,16,20],[17,2,18,3],[19,15,20,14],[21,26,22,27],[32,24,33,23],[25,8,26,9],[34,28,1,27],[10,29,11,30],[24,32,25,31],[6,34,7,33]]
[[18,2,19,1],[24,4,25,3],[5,30,6,31],[28,7,29,8],[14,9,15,10],[6,11,7,12],[13,4,14,5],[8,15,9,16],[34,18,1,17],[19,23,20,22],[21,27,22,26],[2,24,3,23],[25,21,26,20],[32,28,33,27],[10,29,11,30],[31,12,32,13],[16,34,17,33]]
[[18,2,19,1],[24,4,25,3],[10,5,11,6],[7,14,8,15],[30,9,31,10],[4,11,5,12],[28,13,29,14],[15,6,16,7],[34,18,1,17],[19,23,20,22],[21,27,22,26],[2,24,3,23],[25,21,26,20],[32,28,33,27],[8,29,9,30],[12,31,13,32],[16,34,17,33]]
[[26,2,27,1],[3,23,4,22],[18,5,19,6],[7,13,8,12],[24,10,25,9],[11,1,12,34],[13,5,14,4],[15,29,16,28],[20,17,21,18],[6,19,7,20],[21,15,22,14],[32,24,33,23],[10,26,11,25],[27,31,28,30],[29,17,30,16],[2,32,3,31],[33,9,34,8]]
[[20,2,21,1],[30,3,31,4],[34,5,1,6],[14,7,15,8],[26,9,27,10],[11,23,12,22],[8,13,9,14],[6,15,7,16],[17,33,18,32],[2,20,3,19],[21,25,22,24],[23,13,24,12],[28,25,29,26],[10,27,11,28],[18,29,19,30],[4,31,5,32],[33,17,34,16]]
[[26,2,27,1],[3,11,4,10],[5,3,6,2],[7,24,8,25],[9,22,10,23],[11,5,12,4],[20,14,21,13],[15,32,16,33],[17,29,18,28],[34,20,1,19],[21,6,22,7],[23,8,24,9],[12,26,13,25],[27,31,28,30],[29,19,30,18],[31,14,32,15],[33,16,34,17]]
[[14,2,15,1],[28,4,29,3],[10,6,11,5],[7,20,8,21],[34,10,1,9],[11,26,12,27],[2,14,3,13],[15,18,16,19],[17,24,18,25],[19,8,20,9],[21,32,22,33],[23,16,24,17],[25,30,26,31],[4,28,5,27],[29,12,30,13],[31,22,32,23],[6,34,7,33]]
[[30,2,31,1],[3,14,4,15],[18,5,19,6],[7,1,8,34],[22,9,23,10],[26,11,27,12],[13,4,14,5],[28,16,29,15],[12,17,13,18],[6,19,7,20],[21,33,22,32],[8,23,9,24],[25,21,26,20],[16,28,17,27],[2,30,3,29],[31,11,32,10],[33,25,34,24]]
[[20,2,21,1],[3,13,4,12],[5,14,6,15],[7,17,8,16],[9,19,10,18],[11,33,12,32],[13,28,14,29],[15,27,16,26],[17,9,18,8],[34,20,1,19],[21,11,22,10],[30,23,31,24],[22,25,23,26],[27,6,28,7],[29,5,30,4],[24,31,25,32],[2,34,3,33]]
[[24,2,25,1],[3,18,4,19],[5,33,6,32],[16,7,17,8],[9,31,10,30],[11,23,12,22],[13,4,14,5],[6,15,7,16],[17,34,18,1],[19,13,20,12],[28,21,29,22],[2,24,3,23],[25,11,26,10],[20,27,21,28],[26,29,27,30],[31,9,32,8],[33,14,34,15]]
[[26,2,27,1],[3,25,4,24],[5,33,6,32],[14,7,15,8],[34,10,1,9],[11,20,12,21],[6,13,7,14],[8,15,9,16],[2,18,3,17],[19,10,20,11],[21,5,22,4],[30,23,31,24],[18,26,19,25],[27,17,28,16],[22,29,23,30],[28,31,29,32],[12,34,13,33]]
[[10,2,11,1],[3,28,4,29],[22,6,23,5],[26,7,27,8],[34,10,1,9],[11,17,12,16],[30,13,31,14],[15,25,16,24],[2,18,3,17],[8,19,9,20],[6,22,7,21],[23,15,24,14],[20,25,21,26],[27,32,28,33],[12,29,13,30],[31,4,32,5],[18,34,19,33]]
[[14,2,15,1],[3,31,4,30],[5,22,6,23],[7,25,8,24],[9,27,10,26],[18,12,19,11],[34,14,1,13],[15,29,16,28],[10,18,11,17],[16,20,17,19],[21,2,22,3],[23,33,24,32],[25,9,26,8],[27,13,28,12],[29,21,30,20],[31,5,32,4],[33,6,34,7]]
[[8,2,9,1],[28,4,29,3],[5,22,6,23],[34,8,1,7],[9,13,10,12],[11,19,12,18],[26,13,27,14],[15,31,16,30],[17,11,18,10],[24,19,25,20],[21,4,22,5],[32,23,33,24],[16,25,17,26],[2,28,3,27],[29,15,30,14],[20,31,21,32],[6,34,7,33]]
[[26,2,27,1],[18,4,19,3],[5,32,6,33],[7,25,8,24],[9,16,10,17],[11,29,12,28],[13,20,14,21],[15,22,16,23],[4,18,5,17],[19,10,20,11],[21,14,22,15],[23,9,24,8],[34,26,1,25],[27,31,28,30],[29,13,30,12],[31,2,32,3],[33,6,34,7]]
[[10,2,11,1],[16,4,17,3],[5,25,6,24],[7,30,8,31],[34,10,1,9],[11,15,12,14],[13,19,14,18],[2,16,3,15],[17,13,18,12],[22,19,23,20],[26,22,27,21],[23,33,24,32],[8,25,9,26],[20,28,21,27],[29,6,30,7],[31,28,32,29],[4,34,5,33]]
[[12,2,13,1],[18,4,19,3],[5,28,6,29],[22,7,23,8],[30,10,31,9],[34,12,1,11],[13,17,14,16],[15,21,16,20],[2,18,3,17],[19,15,20,14],[24,21,25,22],[8,23,9,24],[4,26,5,25],[32,28,33,27],[29,6,30,7],[10,32,11,31],[26,34,27,33]]
[[8,2,9,1],[3,18,4,19],[5,17,6,16],[34,8,1,7],[9,29,10,28],[20,11,21,12],[10,13,11,14],[15,27,16,26],[17,32,18,33],[19,31,20,30],[12,21,13,22],[2,24,3,23],[25,7,26,6],[27,15,28,14],[29,23,30,22],[31,4,32,5],[24,34,25,33]]
[[22,2,23,1],[3,30,4,31],[34,5,1,6],[7,27,8,26],[9,17,10,16],[11,7,12,6],[13,20,14,21],[24,15,25,16],[17,9,18,8],[19,32,20,33],[4,22,5,21],[23,29,24,28],[18,25,19,26],[27,11,28,10],[29,2,30,3],[31,14,32,15],[33,13,34,12]]
[[24,2,25,1],[12,4,13,3],[20,6,21,5],[7,30,8,31],[9,16,10,17],[22,12,23,11],[13,6,14,7],[28,16,29,15],[34,18,1,17],[19,10,20,11],[4,22,5,21],[32,24,33,23],[25,8,26,9],[14,28,15,27],[26,30,27,29],[2,32,3,31],[18,34,19,33]]
[[24,2,25,1],[3,10,4,11],[34,5,1,6],[16,7,17,8],[9,4,10,5],[22,12,23,11],[20,14,21,13],[8,15,9,16],[30,17,31,18],[14,20,15,19],[12,22,13,21],[2,24,3,23],[25,29,26,28],[27,33,28,32],[18,29,19,30],[31,27,32,26],[6,33,7,34]]
[[24,2,25,1],[22,4,23,3],[10,5,11,6],[34,7,1,8],[14,9,15,10],[11,21,12,20],[6,13,7,14],[30,15,31,16],[4,18,5,17],[19,13,20,12],[21,18,22,19],[2,24,3,23],[25,29,26,28],[27,33,28,32],[16,29,17,30],[31,27,32,26],[8,33,9,34]]
[[8,2,9,1],[6,4,7,3],[28,6,29,5],[2,8,3,7],[9,12,10,13],[11,21,12,20],[13,22,14,23],[15,32,16,33],[17,30,18,31],[19,26,20,27],[21,11,22,10],[34,24,1,23],[25,14,26,15],[4,28,5,27],[29,18,30,19],[31,16,32,17],[24,34,25,33]]
[[8,2,9,1],[26,4,27,3],[24,6,25,5],[30,8,31,7],[9,12,10,13],[11,16,12,17],[13,34,14,1],[15,10,16,11],[17,20,18,21],[19,28,20,29],[21,32,22,33],[6,24,7,23],[4,26,5,25],[27,18,28,19],[2,30,3,29],[31,22,32,23],[33,14,34,15]]
[[10,2,11,1],[8,3,9,4],[30,6,31,5],[24,7,25,8],[28,10,29,9],[11,15,12,14],[13,19,14,18],[15,27,16,26],[17,13,18,12],[19,34,20,1],[21,32,22,33],[4,23,5,24],[25,17,26,16],[2,28,3,27],[29,22,30,23],[6,32,7,31],[33,20,34,21]]
[[20,2,21,1],[18,3,19,4],[5,33,6,32],[7,27,8,26],[2,10,3,9],[16,12,17,11],[28,14,29,13],[34,16,1,15],[4,17,5,18],[10,20,11,19],[21,9,22,8],[30,23,31,24],[22,25,23,26],[14,28,15,27],[29,7,30,6],[24,31,25,32],[12,34,13,33]]
[[28,2,29,1],[18,4,19,3],[14,6,15,5],[7,24,8,25],[16,10,17,9],[34,12,1,11],[13,26,14,27],[8,16,9,15],[4,18,5,17],[19,30,20,31],[2,22,3,21],[23,12,24,13],[25,6,26,7],[22,28,23,27],[29,32,30,33],[31,20,32,21],[10,34,11,33]]
[[14,2,15,1],[20,3,21,4],[5,17,6,16],[28,7,29,8],[9,23,10,22],[26,11,27,12],[34,14,1,13],[15,19,16,18],[17,7,18,6],[30,19,31,20],[21,9,22,8],[23,32,24,33],[12,25,13,26],[10,27,11,28],[4,29,5,30],[2,32,3,31],[33,24,34,25]]
[[8,2,9,1],[28,4,29,3],[20,6,21,5],[30,8,31,7],[9,12,10,13],[11,16,12,17],[34,14,1,13],[15,10,16,11],[17,22,18,23],[6,20,7,19],[21,26,22,27],[23,32,24,33],[25,18,26,19],[4,28,5,27],[2,30,3,29],[31,24,32,25],[14,34,15,33]]
[[12,2,13,1],[3,24,4,25],[5,33,6,32],[7,1,8,34],[26,9,27,10],[2,12,3,11],[13,17,14,16],[15,21,16,20],[28,17,29,18],[19,15,20,14],[8,21,9,22],[23,4,24,5],[30,25,31,26],[18,27,19,28],[10,29,11,30],[22,31,23,32],[33,7,34,6]]
[[22,2,23,1],[3,10,4,11],[34,5,1,6],[7,18,8,19],[9,2,10,3],[11,21,12,20],[13,8,14,9],[28,16,29,15],[17,32,18,33],[19,13,20,12],[4,22,5,21],[23,27,24,26],[25,31,26,30],[14,28,15,27],[29,25,30,24],[31,16,32,17],[6,33,7,34]]
[[20,2,21,1],[10,4,11,3],[5,30,6,31],[14,8,15,7],[16,10,17,9],[11,23,12,22],[4,14,5,13],[8,16,9,15],[28,18,29,17],[34,20,1,19],[21,27,22,26],[23,13,24,12],[25,33,26,32],[2,28,3,27],[29,6,30,7],[31,25,32,24],[18,34,19,33]]
[[28,2,29,1],[3,33,4,32],[5,24,6,25],[7,14,8,15],[18,9,19,10],[11,2,12,3],[13,27,14,26],[22,16,23,15],[30,18,31,17],[10,19,11,20],[16,22,17,21],[23,4,24,5],[25,6,26,7],[34,28,1,27],[29,9,30,8],[20,32,21,31],[33,12,34,13]]
[[18,2,19,1],[12,4,13,3],[32,5,33,6],[30,7,31,8],[26,9,27,10],[2,12,3,11],[13,25,14,24],[4,16,5,15],[34,18,1,17],[19,23,20,22],[21,29,22,28],[10,23,11,24],[25,15,26,14],[27,21,28,20],[8,29,9,30],[6,31,7,32],[16,34,17,33]]
[[22,2,23,1],[16,4,17,3],[5,30,6,31],[18,8,19,7],[20,10,21,9],[11,24,12,25],[13,10,14,11],[15,32,16,33],[6,18,7,17],[8,20,9,19],[2,22,3,21],[23,26,24,27],[25,12,26,13],[27,34,28,1],[29,14,30,15],[31,4,32,5],[33,28,34,29]]
[[8,2,9,1],[3,28,4,29],[22,5,23,6],[2,8,3,7],[9,19,10,18],[11,20,12,21],[13,11,14,10],[30,16,31,15],[17,25,18,24],[19,12,20,13],[6,21,7,22],[23,15,24,14],[25,32,26,33],[27,34,28,1],[29,4,30,5],[16,32,17,31],[33,26,34,27]]
[[18,2,19,1],[3,15,4,14],[5,30,6,31],[20,7,21,8],[34,10,1,9],[11,3,12,2],[26,14,27,13],[15,33,16,32],[10,17,11,18],[19,25,20,24],[28,22,29,21],[8,23,9,24],[12,26,13,25],[27,6,28,7],[22,30,23,29],[31,4,32,5],[33,17,34,16]]
[[22,2,23,1],[3,15,4,14],[28,5,29,6],[7,30,8,31],[34,10,1,9],[11,5,12,4],[20,13,21,14],[15,10,16,11],[17,7,18,6],[12,19,13,20],[2,22,3,21],[23,27,24,26],[25,33,26,32],[18,27,19,28],[29,16,30,17],[31,25,32,24],[8,34,9,33]]
[[24,2,25,1],[22,4,23,3],[5,16,6,17],[7,33,8,32],[9,31,10,30],[11,21,12,20],[13,6,14,7],[15,34,16,1],[17,13,18,12],[28,19,29,20],[4,22,5,21],[2,24,3,23],[25,11,26,10],[18,27,19,28],[26,29,27,30],[31,9,32,8],[33,14,34,15]]
[[22,2,23,1],[3,10,4,11],[20,6,21,5],[28,8,29,7],[9,12,10,13],[11,4,12,5],[18,14,19,13],[15,30,16,31],[34,18,1,17],[8,20,9,19],[2,22,3,21],[23,27,24,26],[25,33,26,32],[6,28,7,27],[29,14,30,15],[31,25,32,24],[16,34,17,33]]
[[28,2,29,1],[3,33,4,32],[5,11,6,10],[24,7,25,8],[9,14,10,15],[11,5,12,4],[30,13,31,14],[15,6,16,7],[17,22,18,23],[19,2,20,3],[21,27,22,26],[8,23,9,24],[25,16,26,17],[34,28,1,27],[29,19,30,18],[12,31,13,32],[33,20,34,21]]
[[10,2,11,1],[28,3,29,4],[30,5,31,6],[7,19,8,18],[24,9,25,10],[11,14,12,15],[13,27,14,26],[22,16,23,15],[17,21,18,20],[19,9,20,8],[32,21,33,22],[34,24,1,23],[2,25,3,26],[27,13,28,12],[4,29,5,30],[6,31,7,32],[16,33,17,34]]
[[26,2,27,1],[3,18,4,19],[16,5,17,6],[24,7,25,8],[9,1,10,34],[20,12,21,11],[13,29,14,28],[10,15,11,16],[17,22,18,23],[12,20,13,19],[21,4,22,5],[6,23,7,24],[32,26,33,25],[27,31,28,30],[29,15,30,14],[2,32,3,31],[33,9,34,8]]
[[12,2,13,1],[3,20,4,21],[5,19,6,18],[7,24,8,25],[22,9,23,10],[2,12,3,11],[13,7,14,6],[26,16,27,15],[14,17,15,18],[19,34,20,1],[21,28,22,29],[30,23,31,24],[16,26,17,25],[27,32,28,33],[10,30,11,29],[31,9,32,8],[33,4,34,5]]
[[20,2,21,1],[3,8,4,9],[5,26,6,27],[7,34,8,1],[18,10,19,9],[16,12,17,11],[13,28,14,29],[32,16,33,15],[10,18,11,17],[2,20,3,19],[21,24,22,25],[23,30,24,31],[25,6,26,7],[27,14,28,15],[29,22,30,23],[12,32,13,31],[33,4,34,5]]
[[16,2,17,1],[8,4,9,3],[5,30,6,31],[14,8,15,7],[24,10,25,9],[32,12,33,11],[4,14,5,13],[28,16,29,15],[17,20,18,21],[19,26,20,27],[34,22,1,21],[10,24,11,23],[25,18,26,19],[2,28,3,27],[29,6,30,7],[12,32,13,31],[22,34,23,33]]
[[6,2,7,1],[3,24,4,25],[32,6,33,5],[7,11,8,10],[9,17,10,16],[22,11,23,12],[28,13,29,14],[15,9,16,8],[17,34,18,1],[26,19,27,20],[12,21,13,22],[23,2,24,3],[30,25,31,26],[14,27,15,28],[20,29,21,30],[4,32,5,31],[33,18,34,19]]
[[24,2,25,1],[3,20,4,21],[32,6,33,5],[18,7,19,8],[14,9,15,10],[22,11,23,12],[30,13,31,14],[15,27,16,26],[8,17,9,18],[19,34,20,1],[12,21,13,22],[2,24,3,23],[25,29,26,28],[27,17,28,16],[10,29,11,30],[4,32,5,31],[6,34,7,33]]
[[18,2,19,1],[3,33,4,32],[5,12,6,13],[7,3,8,2],[9,26,10,27],[11,4,12,5],[30,14,31,13],[15,23,16,22],[34,18,1,17],[19,25,20,24],[28,21,29,22],[23,17,24,16],[25,8,26,9],[20,27,21,28],[14,30,15,29],[10,32,11,31],[33,7,34,6]]
[[22,2,23,1],[18,3,19,4],[28,6,29,5],[7,21,8,20],[30,10,31,9],[32,12,33,11],[13,25,14,24],[34,16,1,15],[2,17,3,18],[19,7,20,6],[16,21,17,22],[23,27,24,26],[25,15,26,14],[4,28,5,27],[8,30,9,29],[10,32,11,31],[12,34,13,33]]
[[12,2,13,1],[3,22,4,23],[30,6,31,5],[32,8,33,7],[24,9,25,10],[2,12,3,11],[13,17,14,16],[15,21,16,20],[26,17,27,18],[19,15,20,14],[21,34,22,1],[28,23,29,24],[18,25,19,26],[10,27,11,28],[4,30,5,29],[6,32,7,31],[8,34,9,33]]
[[10,2,11,1],[3,28,4,29],[5,26,6,27],[18,8,19,7],[32,10,33,9],[11,14,12,15],[13,30,14,31],[15,20,16,21],[8,18,9,17],[19,24,20,25],[34,22,1,21],[23,16,24,17],[25,6,26,7],[27,4,28,5],[29,12,30,13],[2,32,3,31],[22,34,23,33]]
[[24,2,25,1],[10,4,11,3],[14,6,15,5],[7,20,8,21],[30,9,31,10],[11,27,12,26],[4,14,5,13],[34,16,1,15],[22,17,23,18],[19,6,20,7],[21,32,22,33],[16,23,17,24],[25,29,26,28],[27,13,28,12],[2,30,3,29],[8,31,9,32],[33,18,34,19]]
[[20,2,21,1],[28,4,29,3],[5,12,6,13],[7,14,8,15],[34,10,1,9],[11,18,12,19],[13,6,14,7],[15,26,16,27],[17,8,18,9],[32,20,33,19],[21,24,22,25],[23,30,24,31],[25,16,26,17],[4,28,5,27],[29,22,30,23],[2,32,3,31],[10,34,11,33]]
[[12,2,13,1],[3,24,4,25],[28,6,29,5],[7,32,8,33],[9,21,10,20],[34,12,1,11],[13,23,14,22],[15,26,16,27],[17,15,18,14],[19,31,20,30],[21,11,22,10],[23,2,24,3],[25,16,26,17],[4,28,5,27],[29,19,30,18],[31,6,32,7],[33,8,34,9]]
[[28,2,29,1],[3,15,4,14],[5,22,6,23],[32,7,33,8],[30,9,31,10],[34,12,1,11],[13,3,14,2],[15,25,16,24],[17,27,18,26],[10,19,11,20],[21,6,22,7],[23,4,24,5],[25,17,26,16],[12,27,13,28],[29,21,30,20],[8,31,9,32],[18,34,19,33]]
[[16,2,17,1],[3,25,4,24],[12,6,13,5],[32,8,33,7],[20,9,21,10],[34,12,1,11],[4,14,5,13],[26,15,27,16],[17,23,18,22],[19,31,20,30],[10,21,11,22],[23,28,24,29],[14,25,15,26],[27,3,28,2],[29,19,30,18],[8,32,9,31],[6,34,7,33]]
[[10,2,11,1],[3,20,4,21],[24,5,25,6],[7,34,8,1],[26,9,27,10],[11,15,12,14],[13,23,14,22],[15,2,16,3],[28,17,29,18],[30,19,31,20],[21,13,22,12],[32,24,33,23],[8,25,9,26],[16,27,17,28],[18,29,19,30],[4,31,5,32],[33,6,34,7]]
[[28,2,29,1],[3,16,4,17],[5,18,6,19],[24,7,25,8],[9,33,10,32],[6,12,7,11],[34,13,1,14],[15,2,16,3],[17,4,18,5],[19,31,20,30],[26,22,27,21],[8,23,9,24],[22,26,23,25],[12,28,13,27],[29,15,30,14],[31,11,32,10],[33,21,34,20]]
[[28,2,29,1],[26,3,27,4],[5,16,6,17],[12,7,13,8],[9,33,10,32],[20,12,21,11],[24,13,25,14],[15,34,16,1],[17,4,18,5],[2,19,3,20],[21,31,22,30],[8,24,9,23],[6,25,7,26],[18,27,19,28],[29,11,30,10],[31,23,32,22],[33,14,34,15]]
[[12,2,13,1],[28,3,29,4],[5,18,6,19],[7,24,8,25],[32,10,33,9],[34,12,1,11],[13,17,14,16],[15,21,16,20],[17,4,18,5],[19,15,20,14],[21,6,22,7],[30,23,31,24],[25,8,26,9],[2,27,3,28],[22,29,23,30],[26,31,27,32],[10,34,11,33]]
[[20,2,21,1],[3,15,4,14],[5,30,6,31],[32,7,33,8],[9,34,10,1],[2,11,3,12],[13,26,14,27],[6,15,7,16],[17,8,18,9],[10,19,11,20],[21,25,22,24],[23,29,24,28],[25,12,26,13],[27,23,28,22],[29,4,30,5],[16,32,17,31],[33,19,34,18]]
[[26,2,27,1],[3,25,4,24],[5,14,6,15],[32,7,33,8],[9,29,10,28],[11,34,12,1],[22,14,23,13],[15,6,16,7],[8,17,9,18],[2,20,3,19],[12,22,13,21],[23,5,24,4],[20,26,21,25],[27,31,28,30],[29,11,30,10],[18,31,19,32],[33,16,34,17]]
[[10,2,11,1],[22,3,23,4],[5,18,6,19],[7,5,8,4],[2,10,3,9],[11,14,12,15],[13,27,14,26],[34,16,1,15],[17,6,18,7],[30,20,31,19],[8,21,9,22],[16,24,17,23],[32,25,33,26],[27,13,28,12],[24,29,25,30],[20,32,21,31],[28,33,29,34]]
[[12,2,13,1],[3,28,4,29],[24,5,25,6],[7,32,8,33],[9,18,10,19],[2,12,3,11],[13,17,14,16],[15,27,16,26],[17,22,18,23],[30,20,31,19],[21,10,22,11],[6,23,7,24],[25,15,26,14],[27,34,28,1],[20,30,21,29],[31,8,32,9],[33,4,34,5]]
[[26,2,27,1],[16,4,17,3],[5,32,6,33],[7,25,8,24],[9,14,10,15],[11,18,12,19],[13,22,14,23],[4,16,5,15],[17,10,18,11],[19,29,20,28],[21,12,22,13],[23,9,24,8],[34,26,1,25],[27,31,28,30],[29,21,30,20],[31,2,32,3],[33,6,34,7]]
[[22,2,23,1],[20,4,21,3],[18,6,19,5],[7,10,8,11],[9,32,10,33],[11,16,12,17],[13,25,14,24],[15,30,16,31],[6,18,7,17],[4,20,5,19],[2,22,3,21],[23,26,24,27],[25,13,26,12],[34,28,1,27],[29,14,30,15],[31,8,32,9],[28,34,29,33]]
[[22,2,23,1],[3,8,4,9],[26,5,27,6],[7,34,8,1],[9,20,10,21],[11,18,12,19],[13,25,14,24],[30,16,31,15],[32,18,33,17],[19,10,20,11],[2,22,3,21],[23,29,24,28],[25,15,26,14],[6,27,7,28],[29,12,30,13],[16,32,17,31],[33,4,34,5]]
[[28,2,29,1],[3,16,4,17],[5,33,6,32],[7,21,8,20],[9,27,10,26],[11,4,12,5],[22,14,23,13],[15,34,16,1],[17,11,18,10],[30,19,31,20],[14,22,15,21],[23,7,24,6],[18,25,19,26],[2,28,3,27],[29,9,30,8],[24,31,25,32],[33,12,34,13]]
[[24,2,25,1],[3,16,4,17],[32,6,33,5],[14,8,15,7],[9,20,10,21],[28,12,29,11],[13,22,14,23],[15,4,16,5],[17,30,18,31],[19,12,20,13],[21,8,22,9],[34,24,1,23],[25,18,26,19],[10,28,11,27],[26,30,27,29],[31,2,32,3],[6,34,7,33]]
[[26,2,27,1],[3,13,4,12],[34,5,1,6],[30,8,31,7],[20,9,21,10],[11,16,12,17],[24,13,25,14],[15,3,16,2],[17,33,18,32],[19,29,20,28],[6,21,7,22],[4,24,5,23],[14,25,15,26],[27,11,28,10],[8,30,9,29],[31,19,32,18],[22,33,23,34]]
[[12,2,13,1],[30,4,31,3],[5,20,6,21],[24,8,25,7],[9,17,10,16],[34,12,1,11],[13,19,14,18],[15,27,16,26],[17,11,18,10],[19,6,20,7],[21,2,22,3],[32,23,33,24],[25,15,26,14],[8,28,9,27],[22,29,23,30],[4,32,5,31],[28,33,29,34]]
[[28,2,29,1],[3,31,4,30],[20,6,21,5],[24,8,25,7],[26,9,27,10],[11,34,12,1],[8,13,9,14],[15,22,16,23],[17,33,18,32],[2,20,3,19],[21,16,22,17],[6,24,7,23],[14,26,15,25],[12,27,13,28],[29,19,30,18],[31,5,32,4],[33,10,34,11]]
[[20,2,21,1],[3,12,4,13],[32,6,33,5],[28,7,29,8],[9,2,10,3],[18,12,19,11],[6,14,7,13],[15,25,16,24],[34,18,1,17],[10,20,11,19],[21,27,22,26],[30,23,31,24],[25,17,26,16],[8,27,9,28],[22,29,23,30],[14,32,15,31],[4,34,5,33]]
[[20,2,21,1],[3,30,4,31],[5,23,6,22],[14,8,15,7],[9,17,10,16],[18,12,19,11],[32,13,33,14],[24,15,25,16],[17,26,18,27],[34,20,1,19],[21,29,22,28],[23,7,24,6],[8,26,9,25],[27,11,28,10],[29,2,30,3],[31,4,32,5],[12,33,13,34]]
[[14,2,15,1],[3,31,4,30],[5,22,6,23],[24,7,25,8],[9,17,10,16],[28,11,29,12],[34,14,1,13],[15,21,16,20],[17,11,18,10],[19,26,20,27],[21,2,22,3],[23,33,24,32],[12,25,13,26],[27,18,28,19],[8,29,9,30],[31,5,32,4],[33,6,34,7]]
[[20,2,21,1],[16,4,17,3],[28,5,29,6],[7,18,8,19],[9,30,10,31],[11,32,12,33],[13,23,14,22],[34,16,1,15],[17,6,18,7],[2,20,3,19],[21,25,22,24],[23,15,24,14],[25,8,26,9],[4,27,5,28],[26,29,27,30],[31,10,32,11],[33,12,34,13]]
[[18,2,19,1],[3,12,4,13],[5,26,6,27],[7,14,8,15],[32,10,33,9],[11,16,12,17],[13,4,14,5],[15,8,16,9],[30,18,31,17],[19,22,20,23],[21,28,22,29],[34,24,1,23],[25,6,26,7],[27,20,28,21],[2,30,3,29],[10,32,11,31],[24,34,25,33]]
[[30,2,31,1],[3,24,4,25],[18,6,19,5],[16,8,17,7],[9,26,10,27],[11,33,12,32],[13,29,14,28],[8,16,9,15],[6,18,7,17],[14,19,15,20],[21,10,22,11],[23,34,24,1],[25,4,26,5],[27,21,28,20],[2,30,3,29],[31,13,32,12],[33,22,34,23]]
[[6,2,7,1],[3,19,4,18],[30,6,31,5],[7,27,8,26],[9,17,10,16],[11,28,12,29],[13,9,14,8],[20,15,21,16],[17,11,18,10],[19,5,20,4],[14,21,15,22],[23,33,24,32],[25,1,26,34],[27,12,28,13],[2,30,3,29],[31,23,32,22],[33,25,34,24]]
[[22,2,23,1],[3,8,4,9],[5,18,6,19],[7,34,8,1],[9,29,10,28],[11,31,12,30],[13,33,14,32],[15,25,16,24],[17,6,18,7],[14,19,15,20],[2,22,3,21],[23,27,24,26],[25,17,26,16],[20,27,21,28],[29,11,30,10],[31,13,32,12],[33,4,34,5]]
[[30,2,31,1],[3,22,4,23],[5,33,6,32],[2,8,3,7],[28,9,29,10],[11,24,12,25],[8,14,9,13],[15,1,16,34],[10,17,11,18],[19,27,20,26],[21,12,22,13],[23,4,24,5],[25,19,26,18],[27,21,28,20],[14,30,15,29],[31,7,32,6],[33,17,34,16]]
[[30,2,31,1],[3,12,4,13],[5,1,6,34],[7,19,8,18],[22,10,23,9],[11,4,12,5],[13,28,14,29],[15,26,16,27],[17,11,18,10],[19,33,20,32],[24,21,25,22],[8,24,9,23],[25,16,26,17],[27,14,28,15],[2,30,3,29],[31,21,32,20],[33,7,34,6]]
[[12,2,13,1],[3,22,4,23],[32,5,33,6],[7,17,8,16],[26,10,27,9],[34,12,1,11],[13,19,14,18],[15,25,16,24],[17,9,18,8],[19,2,20,3],[21,31,22,30],[23,15,24,14],[6,26,7,25],[10,28,11,27],[29,21,30,20],[4,31,5,32],[28,33,29,34]]
[[10,2,11,1],[3,24,4,25],[32,6,33,5],[14,7,15,8],[34,10,1,9],[11,17,12,16],[13,21,14,20],[8,15,9,16],[28,17,29,18],[19,13,20,12],[26,21,27,22],[23,2,24,3],[30,25,31,26],[18,27,19,28],[22,29,23,30],[4,32,5,31],[6,34,7,33]]
[[30,2,31,1],[3,10,4,11],[5,1,6,34],[7,23,8,22],[9,4,10,5],[11,28,12,29],[13,26,14,27],[24,15,25,16],[17,33,18,32],[19,14,20,15],[21,9,22,8],[16,23,17,24],[25,20,26,21],[27,12,28,13],[2,30,3,29],[31,19,32,18],[33,7,34,6]]
[[22,2,23,1],[28,4,29,3],[14,6,15,5],[16,8,17,7],[9,34,10,1],[11,32,12,33],[30,13,31,14],[6,16,7,15],[17,25,18,24],[8,20,9,19],[12,21,13,22],[23,27,24,26],[25,19,26,18],[2,28,3,27],[4,30,5,29],[20,31,21,32],[33,10,34,11]]
[[12,2,13,1],[28,4,29,3],[8,5,9,6],[24,7,25,8],[20,10,21,9],[34,12,1,11],[13,19,14,18],[15,27,16,26],[17,31,18,30],[2,20,3,19],[21,33,22,32],[6,23,7,24],[25,17,26,16],[4,28,5,27],[29,15,30,14],[31,23,32,22],[10,34,11,33]]
[[10,2,11,1],[3,20,4,21],[5,18,6,19],[28,8,29,7],[32,10,33,9],[11,14,12,15],[13,23,14,22],[15,24,16,25],[17,6,18,7],[19,4,20,5],[21,30,22,31],[23,13,24,12],[34,26,1,25],[8,28,9,27],[29,16,30,17],[2,32,3,31],[26,34,27,33]]
[[28,2,29,1],[3,33,4,32],[5,22,6,23],[34,8,1,7],[9,3,10,2],[30,11,31,12],[24,13,25,14],[15,21,16,20],[10,18,11,17],[19,13,20,12],[21,6,22,7],[14,23,15,24],[25,4,26,5],[8,27,9,28],[29,17,30,16],[18,32,19,31],[33,27,34,26]]
[[8,2,9,1],[3,16,4,17],[32,5,33,6],[34,8,1,7],[9,15,10,14],[11,19,12,18],[13,29,14,28],[15,2,16,3],[17,11,18,10],[26,20,27,19],[30,22,31,21],[6,24,7,23],[4,25,5,26],[27,13,28,12],[20,30,21,29],[22,32,23,31],[24,33,25,34]]
[[16,2,17,1],[3,22,4,23],[32,6,33,5],[7,24,8,25],[9,15,10,14],[26,11,27,12],[13,31,14,30],[34,16,1,15],[17,21,18,20],[19,29,20,28],[21,2,22,3],[23,6,24,7],[12,25,13,26],[27,19,28,18],[29,11,30,10],[31,8,32,9],[4,34,5,33]]
[[28,2,29,1],[3,14,4,15],[5,18,6,19],[7,33,8,32],[16,10,17,9],[24,11,25,12],[13,2,14,3],[10,16,11,15],[17,4,18,5],[19,6,20,7],[21,27,22,26],[12,23,13,24],[25,31,26,30],[34,28,1,27],[29,23,30,22],[31,9,32,8],[33,20,34,21]]
[[14,2,15,1],[10,3,11,4],[5,17,6,16],[24,8,25,7],[4,9,5,10],[30,12,31,11],[34,14,1,13],[15,29,16,28],[17,7,18,6],[19,27,20,26],[21,32,22,33],[8,24,9,23],[25,19,26,18],[27,21,28,20],[2,30,3,29],[31,22,32,23],[12,34,13,33]]
[[26,2,27,1],[3,10,4,11],[5,20,6,21],[14,7,15,8],[9,4,10,5],[11,29,12,28],[8,13,9,14],[22,16,23,15],[24,18,25,17],[19,33,20,32],[21,6,22,7],[16,24,17,23],[34,26,1,25],[27,31,28,30],[29,13,30,12],[31,2,32,3],[33,19,34,18]]
[[30,2,31,1],[3,10,4,11],[5,1,6,34],[16,8,17,7],[9,4,10,5],[28,12,29,11],[18,14,19,13],[15,22,16,23],[8,18,9,17],[19,26,20,27],[21,14,22,15],[23,33,24,32],[25,20,26,21],[12,28,13,27],[2,30,3,29],[31,25,32,24],[33,7,34,6]]
[[18,2,19,1],[32,3,33,4],[5,15,6,14],[28,7,29,8],[26,9,27,10],[2,12,3,11],[13,5,14,4],[15,23,16,22],[34,18,1,17],[19,25,20,24],[21,31,22,30],[23,17,24,16],[10,25,11,26],[8,27,9,28],[29,21,30,20],[6,31,7,32],[12,34,13,33]]
[[30,2,31,1],[3,24,4,25],[5,15,6,14],[7,33,8,32],[9,29,10,28],[18,11,19,12],[26,14,27,13],[15,5,16,4],[10,17,11,18],[12,19,13,20],[21,6,22,7],[23,34,24,1],[16,26,17,25],[27,21,28,20],[2,30,3,29],[31,9,32,8],[33,22,34,23]]
[[24,2,25,1],[3,31,4,30],[20,6,21,5],[32,8,33,7],[9,18,10,19],[11,27,12,26],[34,14,1,13],[15,3,16,2],[17,10,18,11],[6,20,7,19],[4,22,5,21],[14,23,15,24],[25,29,26,28],[27,13,28,12],[29,16,30,17],[22,31,23,32],[8,34,9,33]]
[[24,2,25,1],[12,3,13,4],[32,6,33,5],[34,7,1,8],[9,28,10,29],[11,17,12,16],[4,13,5,14],[15,20,16,21],[26,17,27,18],[19,11,20,10],[21,14,22,15],[6,24,7,23],[25,31,26,30],[18,27,19,28],[29,8,30,9],[2,32,3,31],[22,33,23,34]]
[[28,2,29,1],[3,22,4,23],[14,6,15,5],[16,8,17,7],[32,10,33,9],[11,20,12,21],[13,26,14,27],[6,16,7,15],[8,18,9,17],[19,30,20,31],[21,2,22,3],[23,10,24,11],[25,18,26,19],[34,28,1,27],[29,12,30,13],[31,24,32,25],[4,34,5,33]]
[[28,2,29,1],[3,31,4,30],[12,5,13,6],[7,2,8,3],[9,33,10,32],[4,11,5,12],[34,14,1,13],[24,15,25,16],[26,17,27,18],[19,9,20,8],[21,10,22,11],[14,23,15,24],[16,25,17,26],[18,27,19,28],[29,7,30,6],[31,20,32,21],[33,23,34,22]]
